1531 2555
512 512 256
                                                                                                                                                                                  
2 1 512 0 1024 XOR
2 1 512 0 1025 AND
2 1 513 1025 1026 XOR
2 1 1 1025 1027 XOR
2 1 513 1027 1028 XOR
2 1 1026 1027 1029 AND
2 1 1025 1029 1030 XOR
2 1 514 1030 1031 XOR
2 1 2 1030 1032 XOR
2 1 514 1032 1033 XOR
2 1 1031 1032 1034 AND
2 1 1030 1034 1035 XOR
2 1 515 1035 1036 XOR
2 1 3 1035 1037 XOR
2 1 515 1037 1038 XOR
2 1 1036 1037 1039 AND
2 1 1035 1039 1040 XOR
2 1 516 1040 1041 XOR
2 1 4 1040 1042 XOR
2 1 516 1042 1043 XOR
2 1 1041 1042 1044 AND
2 1 1040 1044 1045 XOR
2 1 517 1045 1046 XOR
2 1 5 1045 1047 XOR
2 1 517 1047 1048 XOR
2 1 1046 1047 1049 AND
2 1 1045 1049 1050 XOR
2 1 518 1050 1051 XOR
2 1 6 1050 1052 XOR
2 1 518 1052 1053 XOR
2 1 1051 1052 1054 AND
2 1 1050 1054 1055 XOR
2 1 519 1055 1056 XOR
2 1 7 1055 1057 XOR
2 1 519 1057 1058 XOR
2 1 1056 1057 1059 AND
2 1 1055 1059 1060 XOR
2 1 520 1060 1061 XOR
2 1 8 1060 1062 XOR
2 1 520 1062 1063 XOR
2 1 1061 1062 1064 AND
2 1 1060 1064 1065 XOR
2 1 521 1065 1066 XOR
2 1 9 1065 1067 XOR
2 1 521 1067 1068 XOR
2 1 1066 1067 1069 AND
2 1 1065 1069 1070 XOR
2 1 522 1070 1071 XOR
2 1 10 1070 1072 XOR
2 1 522 1072 1073 XOR
2 1 1071 1072 1074 AND
2 1 1070 1074 1075 XOR
2 1 523 1075 1076 XOR
2 1 11 1075 1077 XOR
2 1 523 1077 1078 XOR
2 1 1076 1077 1079 AND
2 1 1075 1079 1080 XOR
2 1 524 1080 1081 XOR
2 1 12 1080 1082 XOR
2 1 524 1082 1083 XOR
2 1 1081 1082 1084 AND
2 1 1080 1084 1085 XOR
2 1 525 1085 1086 XOR
2 1 13 1085 1087 XOR
2 1 525 1087 1088 XOR
2 1 1086 1087 1089 AND
2 1 1085 1089 1090 XOR
2 1 526 1090 1091 XOR
2 1 14 1090 1092 XOR
2 1 526 1092 1093 XOR
2 1 1091 1092 1094 AND
2 1 1090 1094 1095 XOR
2 1 527 1095 1096 XOR
2 1 15 1095 1097 XOR
2 1 527 1097 1098 XOR
2 1 1096 1097 1099 AND
2 1 1095 1099 1100 XOR
2 1 528 1100 1101 XOR
2 1 16 1100 1102 XOR
2 1 528 1102 1103 XOR
2 1 1101 1102 1104 AND
2 1 1100 1104 1105 XOR
2 1 529 1105 1106 XOR
2 1 17 1105 1107 XOR
2 1 529 1107 1108 XOR
2 1 1106 1107 1109 AND
2 1 1105 1109 1110 XOR
2 1 530 1110 1111 XOR
2 1 18 1110 1112 XOR
2 1 530 1112 1113 XOR
2 1 1111 1112 1114 AND
2 1 1110 1114 1115 XOR
2 1 531 1115 1116 XOR
2 1 19 1115 1117 XOR
2 1 531 1117 1118 XOR
2 1 1116 1117 1119 AND
2 1 1115 1119 1120 XOR
2 1 532 1120 1121 XOR
2 1 20 1120 1122 XOR
2 1 532 1122 1123 XOR
2 1 1121 1122 1124 AND
2 1 1120 1124 1125 XOR
2 1 533 1125 1126 XOR
2 1 21 1125 1127 XOR
2 1 533 1127 1128 XOR
2 1 1126 1127 1129 AND
2 1 1125 1129 1130 XOR
2 1 534 1130 1131 XOR
2 1 22 1130 1132 XOR
2 1 534 1132 1133 XOR
2 1 1131 1132 1134 AND
2 1 1130 1134 1135 XOR
2 1 535 1135 1136 XOR
2 1 23 1135 1137 XOR
2 1 535 1137 1138 XOR
2 1 1136 1137 1139 AND
2 1 1135 1139 1140 XOR
2 1 536 1140 1141 XOR
2 1 24 1140 1142 XOR
2 1 536 1142 1143 XOR
2 1 1141 1142 1144 AND
2 1 1140 1144 1145 XOR
2 1 537 1145 1146 XOR
2 1 25 1145 1147 XOR
2 1 537 1147 1148 XOR
2 1 1146 1147 1149 AND
2 1 1145 1149 1150 XOR
2 1 538 1150 1151 XOR
2 1 26 1150 1152 XOR
2 1 538 1152 1153 XOR
2 1 1151 1152 1154 AND
2 1 1150 1154 1155 XOR
2 1 539 1155 1156 XOR
2 1 27 1155 1157 XOR
2 1 539 1157 1158 XOR
2 1 1156 1157 1159 AND
2 1 1155 1159 1160 XOR
2 1 540 1160 1161 XOR
2 1 28 1160 1162 XOR
2 1 540 1162 1163 XOR
2 1 1161 1162 1164 AND
2 1 1160 1164 1165 XOR
2 1 541 1165 1166 XOR
2 1 29 1165 1167 XOR
2 1 541 1167 1168 XOR
2 1 1166 1167 1169 AND
2 1 1165 1169 1170 XOR
2 1 542 1170 1171 XOR
2 1 30 1170 1172 XOR
2 1 542 1172 1173 XOR
2 1 1171 1172 1174 AND
2 1 1170 1174 1175 XOR
2 1 543 1175 1176 XOR
2 1 31 1175 1177 XOR
2 1 543 1177 1178 XOR
2 1 1176 1177 1179 AND
2 1 1175 1179 1180 XOR
2 1 544 1180 1181 XOR
2 1 32 1180 1182 XOR
2 1 544 1182 1183 XOR
2 1 1181 1182 1184 AND
2 1 1180 1184 1185 XOR
2 1 545 1185 1186 XOR
2 1 33 1185 1187 XOR
2 1 545 1187 1188 XOR
2 1 1186 1187 1189 AND
2 1 1185 1189 1190 XOR
2 1 546 1190 1191 XOR
2 1 34 1190 1192 XOR
2 1 546 1192 1193 XOR
2 1 1191 1192 1194 AND
2 1 1190 1194 1195 XOR
2 1 547 1195 1196 XOR
2 1 35 1195 1197 XOR
2 1 547 1197 1198 XOR
2 1 1196 1197 1199 AND
2 1 1195 1199 1200 XOR
2 1 548 1200 1201 XOR
2 1 36 1200 1202 XOR
2 1 548 1202 1203 XOR
2 1 1201 1202 1204 AND
2 1 1200 1204 1205 XOR
2 1 549 1205 1206 XOR
2 1 37 1205 1207 XOR
2 1 549 1207 1208 XOR
2 1 1206 1207 1209 AND
2 1 1205 1209 1210 XOR
2 1 550 1210 1211 XOR
2 1 38 1210 1212 XOR
2 1 550 1212 1213 XOR
2 1 1211 1212 1214 AND
2 1 1210 1214 1215 XOR
2 1 551 1215 1216 XOR
2 1 39 1215 1217 XOR
2 1 551 1217 1218 XOR
2 1 1216 1217 1219 AND
2 1 1215 1219 1220 XOR
2 1 552 1220 1221 XOR
2 1 40 1220 1222 XOR
2 1 552 1222 1223 XOR
2 1 1221 1222 1224 AND
2 1 1220 1224 1225 XOR
2 1 553 1225 1226 XOR
2 1 41 1225 1227 XOR
2 1 553 1227 1228 XOR
2 1 1226 1227 1229 AND
2 1 1225 1229 1230 XOR
2 1 554 1230 1231 XOR
2 1 42 1230 1232 XOR
2 1 554 1232 1233 XOR
2 1 1231 1232 1234 AND
2 1 1230 1234 1235 XOR
2 1 555 1235 1236 XOR
2 1 43 1235 1237 XOR
2 1 555 1237 1238 XOR
2 1 1236 1237 1239 AND
2 1 1235 1239 1240 XOR
2 1 556 1240 1241 XOR
2 1 44 1240 1242 XOR
2 1 556 1242 1243 XOR
2 1 1241 1242 1244 AND
2 1 1240 1244 1245 XOR
2 1 557 1245 1246 XOR
2 1 45 1245 1247 XOR
2 1 557 1247 1248 XOR
2 1 1246 1247 1249 AND
2 1 1245 1249 1250 XOR
2 1 558 1250 1251 XOR
2 1 46 1250 1252 XOR
2 1 558 1252 1253 XOR
2 1 1251 1252 1254 AND
2 1 1250 1254 1255 XOR
2 1 559 1255 1256 XOR
2 1 47 1255 1257 XOR
2 1 559 1257 1258 XOR
2 1 1256 1257 1259 AND
2 1 1255 1259 1260 XOR
2 1 560 1260 1261 XOR
2 1 48 1260 1262 XOR
2 1 560 1262 1263 XOR
2 1 1261 1262 1264 AND
2 1 1260 1264 1265 XOR
2 1 561 1265 1266 XOR
2 1 49 1265 1267 XOR
2 1 561 1267 1268 XOR
2 1 1266 1267 1269 AND
2 1 1265 1269 1270 XOR
2 1 562 1270 1271 XOR
2 1 50 1270 1272 XOR
2 1 562 1272 1273 XOR
2 1 1271 1272 1274 AND
2 1 1270 1274 1275 XOR
2 1 563 1275 1276 XOR
2 1 51 1275 1277 XOR
2 1 563 1277 1278 XOR
2 1 1276 1277 1279 AND
2 1 1275 1279 1280 XOR
2 1 564 1280 1281 XOR
2 1 52 1280 1282 XOR
2 1 564 1282 1283 XOR
2 1 1281 1282 1284 AND
2 1 1280 1284 1285 XOR
2 1 565 1285 1286 XOR
2 1 53 1285 1287 XOR
2 1 565 1287 1288 XOR
2 1 1286 1287 1289 AND
2 1 1285 1289 1290 XOR
2 1 566 1290 1291 XOR
2 1 54 1290 1292 XOR
2 1 566 1292 1293 XOR
2 1 1291 1292 1294 AND
2 1 1290 1294 1295 XOR
2 1 567 1295 1296 XOR
2 1 55 1295 1297 XOR
2 1 567 1297 1298 XOR
2 1 1296 1297 1299 AND
2 1 1295 1299 1300 XOR
2 1 568 1300 1301 XOR
2 1 56 1300 1302 XOR
2 1 568 1302 1303 XOR
2 1 1301 1302 1304 AND
2 1 1300 1304 1305 XOR
2 1 569 1305 1306 XOR
2 1 57 1305 1307 XOR
2 1 569 1307 1308 XOR
2 1 1306 1307 1309 AND
2 1 1305 1309 1310 XOR
2 1 570 1310 1311 XOR
2 1 58 1310 1312 XOR
2 1 570 1312 1313 XOR
2 1 1311 1312 1314 AND
2 1 1310 1314 1315 XOR
2 1 571 1315 1316 XOR
2 1 59 1315 1317 XOR
2 1 571 1317 1318 XOR
2 1 1316 1317 1319 AND
2 1 1315 1319 1320 XOR
2 1 572 1320 1321 XOR
2 1 60 1320 1322 XOR
2 1 572 1322 1323 XOR
2 1 1321 1322 1324 AND
2 1 1320 1324 1325 XOR
2 1 573 1325 1326 XOR
2 1 61 1325 1327 XOR
2 1 573 1327 1328 XOR
2 1 1326 1327 1329 AND
2 1 1325 1329 1330 XOR
2 1 574 1330 1331 XOR
2 1 62 1330 1332 XOR
2 1 574 1332 1333 XOR
2 1 1331 1332 1334 AND
2 1 1330 1334 1335 XOR
2 1 575 1335 1336 XOR
2 1 63 1335 1337 XOR
2 1 575 1337 1338 XOR
2 1 1336 1337 1339 AND
2 1 1335 1339 1340 XOR
2 1 576 1340 1341 XOR
2 1 64 1340 1342 XOR
2 1 576 1342 1343 XOR
2 1 1341 1342 1344 AND
2 1 1340 1344 1345 XOR
2 1 577 1345 1346 XOR
2 1 65 1345 1347 XOR
2 1 577 1347 1348 XOR
2 1 1346 1347 1349 AND
2 1 1345 1349 1350 XOR
2 1 578 1350 1351 XOR
2 1 66 1350 1352 XOR
2 1 578 1352 1353 XOR
2 1 1351 1352 1354 AND
2 1 1350 1354 1355 XOR
2 1 579 1355 1356 XOR
2 1 67 1355 1357 XOR
2 1 579 1357 1358 XOR
2 1 1356 1357 1359 AND
2 1 1355 1359 1360 XOR
2 1 580 1360 1361 XOR
2 1 68 1360 1362 XOR
2 1 580 1362 1363 XOR
2 1 1361 1362 1364 AND
2 1 1360 1364 1365 XOR
2 1 581 1365 1366 XOR
2 1 69 1365 1367 XOR
2 1 581 1367 1368 XOR
2 1 1366 1367 1369 AND
2 1 1365 1369 1370 XOR
2 1 582 1370 1371 XOR
2 1 70 1370 1372 XOR
2 1 582 1372 1373 XOR
2 1 1371 1372 1374 AND
2 1 1370 1374 1375 XOR
2 1 583 1375 1376 XOR
2 1 71 1375 1377 XOR
2 1 583 1377 1378 XOR
2 1 1376 1377 1379 AND
2 1 1375 1379 1380 XOR
2 1 584 1380 1381 XOR
2 1 72 1380 1382 XOR
2 1 584 1382 1383 XOR
2 1 1381 1382 1384 AND
2 1 1380 1384 1385 XOR
2 1 585 1385 1386 XOR
2 1 73 1385 1387 XOR
2 1 585 1387 1388 XOR
2 1 1386 1387 1389 AND
2 1 1385 1389 1390 XOR
2 1 586 1390 1391 XOR
2 1 74 1390 1392 XOR
2 1 586 1392 1393 XOR
2 1 1391 1392 1394 AND
2 1 1390 1394 1395 XOR
2 1 587 1395 1396 XOR
2 1 75 1395 1397 XOR
2 1 587 1397 1398 XOR
2 1 1396 1397 1399 AND
2 1 1395 1399 1400 XOR
2 1 588 1400 1401 XOR
2 1 76 1400 1402 XOR
2 1 588 1402 1403 XOR
2 1 1401 1402 1404 AND
2 1 1400 1404 1405 XOR
2 1 589 1405 1406 XOR
2 1 77 1405 1407 XOR
2 1 589 1407 1408 XOR
2 1 1406 1407 1409 AND
2 1 1405 1409 1410 XOR
2 1 590 1410 1411 XOR
2 1 78 1410 1412 XOR
2 1 590 1412 1413 XOR
2 1 1411 1412 1414 AND
2 1 1410 1414 1415 XOR
2 1 591 1415 1416 XOR
2 1 79 1415 1417 XOR
2 1 591 1417 1418 XOR
2 1 1416 1417 1419 AND
2 1 1415 1419 1420 XOR
2 1 592 1420 1421 XOR
2 1 80 1420 1422 XOR
2 1 592 1422 1423 XOR
2 1 1421 1422 1424 AND
2 1 1420 1424 1425 XOR
2 1 593 1425 1426 XOR
2 1 81 1425 1427 XOR
2 1 593 1427 1428 XOR
2 1 1426 1427 1429 AND
2 1 1425 1429 1430 XOR
2 1 594 1430 1431 XOR
2 1 82 1430 1432 XOR
2 1 594 1432 1433 XOR
2 1 1431 1432 1434 AND
2 1 1430 1434 1435 XOR
2 1 595 1435 1436 XOR
2 1 83 1435 1437 XOR
2 1 595 1437 1438 XOR
2 1 1436 1437 1439 AND
2 1 1435 1439 1440 XOR
2 1 596 1440 1441 XOR
2 1 84 1440 1442 XOR
2 1 596 1442 1443 XOR
2 1 1441 1442 1444 AND
2 1 1440 1444 1445 XOR
2 1 597 1445 1446 XOR
2 1 85 1445 1447 XOR
2 1 597 1447 1448 XOR
2 1 1446 1447 1449 AND
2 1 1445 1449 1450 XOR
2 1 598 1450 1451 XOR
2 1 86 1450 1452 XOR
2 1 598 1452 1453 XOR
2 1 1451 1452 1454 AND
2 1 1450 1454 1455 XOR
2 1 599 1455 1456 XOR
2 1 87 1455 1457 XOR
2 1 599 1457 1458 XOR
2 1 1456 1457 1459 AND
2 1 1455 1459 1460 XOR
2 1 600 1460 1461 XOR
2 1 88 1460 1462 XOR
2 1 600 1462 1463 XOR
2 1 1461 1462 1464 AND
2 1 1460 1464 1465 XOR
2 1 601 1465 1466 XOR
2 1 89 1465 1467 XOR
2 1 601 1467 1468 XOR
2 1 1466 1467 1469 AND
2 1 1465 1469 1470 XOR
2 1 602 1470 1471 XOR
2 1 90 1470 1472 XOR
2 1 602 1472 1473 XOR
2 1 1471 1472 1474 AND
2 1 1470 1474 1475 XOR
2 1 603 1475 1476 XOR
2 1 91 1475 1477 XOR
2 1 603 1477 1478 XOR
2 1 1476 1477 1479 AND
2 1 1475 1479 1480 XOR
2 1 604 1480 1481 XOR
2 1 92 1480 1482 XOR
2 1 604 1482 1483 XOR
2 1 1481 1482 1484 AND
2 1 1480 1484 1485 XOR
2 1 605 1485 1486 XOR
2 1 93 1485 1487 XOR
2 1 605 1487 1488 XOR
2 1 1486 1487 1489 AND
2 1 1485 1489 1490 XOR
2 1 606 1490 1491 XOR
2 1 94 1490 1492 XOR
2 1 606 1492 1493 XOR
2 1 1491 1492 1494 AND
2 1 1490 1494 1495 XOR
2 1 607 1495 1496 XOR
2 1 95 1495 1497 XOR
2 1 607 1497 1498 XOR
2 1 1496 1497 1499 AND
2 1 1495 1499 1500 XOR
2 1 608 1500 1501 XOR
2 1 96 1500 1502 XOR
2 1 608 1502 1503 XOR
2 1 1501 1502 1504 AND
2 1 1500 1504 1505 XOR
2 1 609 1505 1506 XOR
2 1 97 1505 1507 XOR
2 1 609 1507 1508 XOR
2 1 1506 1507 1509 AND
2 1 1505 1509 1510 XOR
2 1 610 1510 1511 XOR
2 1 98 1510 1512 XOR
2 1 610 1512 1513 XOR
2 1 1511 1512 1514 AND
2 1 1510 1514 1515 XOR
2 1 611 1515 1516 XOR
2 1 99 1515 1517 XOR
2 1 611 1517 1518 XOR
2 1 1516 1517 1519 AND
2 1 1515 1519 1520 XOR
2 1 612 1520 1521 XOR
2 1 100 1520 1522 XOR
2 1 612 1522 1523 XOR
2 1 1521 1522 1524 AND
2 1 1520 1524 1525 XOR
2 1 613 1525 1526 XOR
2 1 101 1525 1527 XOR
2 1 613 1527 1528 XOR
2 1 1526 1527 1529 AND
2 1 1525 1529 1530 XOR
2 1 614 1530 1531 XOR
2 1 102 1530 1532 XOR
2 1 614 1532 1533 XOR
2 1 1531 1532 1534 AND
2 1 1530 1534 1535 XOR
2 1 615 1535 1536 XOR
2 1 103 1535 1537 XOR
2 1 615 1537 1538 XOR
2 1 1536 1537 1539 AND
2 1 1535 1539 1540 XOR
2 1 616 1540 1541 XOR
2 1 104 1540 1542 XOR
2 1 616 1542 1543 XOR
2 1 1541 1542 1544 AND
2 1 1540 1544 1545 XOR
2 1 617 1545 1546 XOR
2 1 105 1545 1547 XOR
2 1 617 1547 1548 XOR
2 1 1546 1547 1549 AND
2 1 1545 1549 1550 XOR
2 1 618 1550 1551 XOR
2 1 106 1550 1552 XOR
2 1 618 1552 1553 XOR
2 1 1551 1552 1554 AND
2 1 1550 1554 1555 XOR
2 1 619 1555 1556 XOR
2 1 107 1555 1557 XOR
2 1 619 1557 1558 XOR
2 1 1556 1557 1559 AND
2 1 1555 1559 1560 XOR
2 1 620 1560 1561 XOR
2 1 108 1560 1562 XOR
2 1 620 1562 1563 XOR
2 1 1561 1562 1564 AND
2 1 1560 1564 1565 XOR
2 1 621 1565 1566 XOR
2 1 109 1565 1567 XOR
2 1 621 1567 1568 XOR
2 1 1566 1567 1569 AND
2 1 1565 1569 1570 XOR
2 1 622 1570 1571 XOR
2 1 110 1570 1572 XOR
2 1 622 1572 1573 XOR
2 1 1571 1572 1574 AND
2 1 1570 1574 1575 XOR
2 1 623 1575 1576 XOR
2 1 111 1575 1577 XOR
2 1 623 1577 1578 XOR
2 1 1576 1577 1579 AND
2 1 1575 1579 1580 XOR
2 1 624 1580 1581 XOR
2 1 112 1580 1582 XOR
2 1 624 1582 1583 XOR
2 1 1581 1582 1584 AND
2 1 1580 1584 1585 XOR
2 1 625 1585 1586 XOR
2 1 113 1585 1587 XOR
2 1 625 1587 1588 XOR
2 1 1586 1587 1589 AND
2 1 1585 1589 1590 XOR
2 1 626 1590 1591 XOR
2 1 114 1590 1592 XOR
2 1 626 1592 1593 XOR
2 1 1591 1592 1594 AND
2 1 1590 1594 1595 XOR
2 1 627 1595 1596 XOR
2 1 115 1595 1597 XOR
2 1 627 1597 1598 XOR
2 1 1596 1597 1599 AND
2 1 1595 1599 1600 XOR
2 1 628 1600 1601 XOR
2 1 116 1600 1602 XOR
2 1 628 1602 1603 XOR
2 1 1601 1602 1604 AND
2 1 1600 1604 1605 XOR
2 1 629 1605 1606 XOR
2 1 117 1605 1607 XOR
2 1 629 1607 1608 XOR
2 1 1606 1607 1609 AND
2 1 1605 1609 1610 XOR
2 1 630 1610 1611 XOR
2 1 118 1610 1612 XOR
2 1 630 1612 1613 XOR
2 1 1611 1612 1614 AND
2 1 1610 1614 1615 XOR
2 1 631 1615 1616 XOR
2 1 119 1615 1617 XOR
2 1 631 1617 1618 XOR
2 1 1616 1617 1619 AND
2 1 1615 1619 1620 XOR
2 1 632 1620 1621 XOR
2 1 120 1620 1622 XOR
2 1 632 1622 1623 XOR
2 1 1621 1622 1624 AND
2 1 1620 1624 1625 XOR
2 1 633 1625 1626 XOR
2 1 121 1625 1627 XOR
2 1 633 1627 1628 XOR
2 1 1626 1627 1629 AND
2 1 1625 1629 1630 XOR
2 1 634 1630 1631 XOR
2 1 122 1630 1632 XOR
2 1 634 1632 1633 XOR
2 1 1631 1632 1634 AND
2 1 1630 1634 1635 XOR
2 1 635 1635 1636 XOR
2 1 123 1635 1637 XOR
2 1 635 1637 1638 XOR
2 1 1636 1637 1639 AND
2 1 1635 1639 1640 XOR
2 1 636 1640 1641 XOR
2 1 124 1640 1642 XOR
2 1 636 1642 1643 XOR
2 1 1641 1642 1644 AND
2 1 1640 1644 1645 XOR
2 1 637 1645 1646 XOR
2 1 125 1645 1647 XOR
2 1 637 1647 1648 XOR
2 1 1646 1647 1649 AND
2 1 1645 1649 1650 XOR
2 1 638 1650 1651 XOR
2 1 126 1650 1652 XOR
2 1 638 1652 1653 XOR
2 1 1651 1652 1654 AND
2 1 1650 1654 1655 XOR
2 1 639 1655 1656 XOR
2 1 127 1655 1657 XOR
2 1 639 1657 1658 XOR
2 1 1656 1657 1659 AND
2 1 1655 1659 1660 XOR
2 1 640 1660 1661 XOR
2 1 128 1660 1662 XOR
2 1 640 1662 1663 XOR
2 1 1661 1662 1664 AND
2 1 1660 1664 1665 XOR
2 1 641 1665 1666 XOR
2 1 129 1665 1667 XOR
2 1 641 1667 1668 XOR
2 1 1666 1667 1669 AND
2 1 1665 1669 1670 XOR
2 1 642 1670 1671 XOR
2 1 130 1670 1672 XOR
2 1 642 1672 1673 XOR
2 1 1671 1672 1674 AND
2 1 1670 1674 1675 XOR
2 1 643 1675 1676 XOR
2 1 131 1675 1677 XOR
2 1 643 1677 1678 XOR
2 1 1676 1677 1679 AND
2 1 1675 1679 1680 XOR
2 1 644 1680 1681 XOR
2 1 132 1680 1682 XOR
2 1 644 1682 1683 XOR
2 1 1681 1682 1684 AND
2 1 1680 1684 1685 XOR
2 1 645 1685 1686 XOR
2 1 133 1685 1687 XOR
2 1 645 1687 1688 XOR
2 1 1686 1687 1689 AND
2 1 1685 1689 1690 XOR
2 1 646 1690 1691 XOR
2 1 134 1690 1692 XOR
2 1 646 1692 1693 XOR
2 1 1691 1692 1694 AND
2 1 1690 1694 1695 XOR
2 1 647 1695 1696 XOR
2 1 135 1695 1697 XOR
2 1 647 1697 1698 XOR
2 1 1696 1697 1699 AND
2 1 1695 1699 1700 XOR
2 1 648 1700 1701 XOR
2 1 136 1700 1702 XOR
2 1 648 1702 1703 XOR
2 1 1701 1702 1704 AND
2 1 1700 1704 1705 XOR
2 1 649 1705 1706 XOR
2 1 137 1705 1707 XOR
2 1 649 1707 1708 XOR
2 1 1706 1707 1709 AND
2 1 1705 1709 1710 XOR
2 1 650 1710 1711 XOR
2 1 138 1710 1712 XOR
2 1 650 1712 1713 XOR
2 1 1711 1712 1714 AND
2 1 1710 1714 1715 XOR
2 1 651 1715 1716 XOR
2 1 139 1715 1717 XOR
2 1 651 1717 1718 XOR
2 1 1716 1717 1719 AND
2 1 1715 1719 1720 XOR
2 1 652 1720 1721 XOR
2 1 140 1720 1722 XOR
2 1 652 1722 1723 XOR
2 1 1721 1722 1724 AND
2 1 1720 1724 1725 XOR
2 1 653 1725 1726 XOR
2 1 141 1725 1727 XOR
2 1 653 1727 1728 XOR
2 1 1726 1727 1729 AND
2 1 1725 1729 1730 XOR
2 1 654 1730 1731 XOR
2 1 142 1730 1732 XOR
2 1 654 1732 1733 XOR
2 1 1731 1732 1734 AND
2 1 1730 1734 1735 XOR
2 1 655 1735 1736 XOR
2 1 143 1735 1737 XOR
2 1 655 1737 1738 XOR
2 1 1736 1737 1739 AND
2 1 1735 1739 1740 XOR
2 1 656 1740 1741 XOR
2 1 144 1740 1742 XOR
2 1 656 1742 1743 XOR
2 1 1741 1742 1744 AND
2 1 1740 1744 1745 XOR
2 1 657 1745 1746 XOR
2 1 145 1745 1747 XOR
2 1 657 1747 1748 XOR
2 1 1746 1747 1749 AND
2 1 1745 1749 1750 XOR
2 1 658 1750 1751 XOR
2 1 146 1750 1752 XOR
2 1 658 1752 1753 XOR
2 1 1751 1752 1754 AND
2 1 1750 1754 1755 XOR
2 1 659 1755 1756 XOR
2 1 147 1755 1757 XOR
2 1 659 1757 1758 XOR
2 1 1756 1757 1759 AND
2 1 1755 1759 1760 XOR
2 1 660 1760 1761 XOR
2 1 148 1760 1762 XOR
2 1 660 1762 1763 XOR
2 1 1761 1762 1764 AND
2 1 1760 1764 1765 XOR
2 1 661 1765 1766 XOR
2 1 149 1765 1767 XOR
2 1 661 1767 1768 XOR
2 1 1766 1767 1769 AND
2 1 1765 1769 1770 XOR
2 1 662 1770 1771 XOR
2 1 150 1770 1772 XOR
2 1 662 1772 1773 XOR
2 1 1771 1772 1774 AND
2 1 1770 1774 1775 XOR
2 1 663 1775 1776 XOR
2 1 151 1775 1777 XOR
2 1 663 1777 1778 XOR
2 1 1776 1777 1779 AND
2 1 1775 1779 1780 XOR
2 1 664 1780 1781 XOR
2 1 152 1780 1782 XOR
2 1 664 1782 1783 XOR
2 1 1781 1782 1784 AND
2 1 1780 1784 1785 XOR
2 1 665 1785 1786 XOR
2 1 153 1785 1787 XOR
2 1 665 1787 1788 XOR
2 1 1786 1787 1789 AND
2 1 1785 1789 1790 XOR
2 1 666 1790 1791 XOR
2 1 154 1790 1792 XOR
2 1 666 1792 1793 XOR
2 1 1791 1792 1794 AND
2 1 1790 1794 1795 XOR
2 1 667 1795 1796 XOR
2 1 155 1795 1797 XOR
2 1 667 1797 1798 XOR
2 1 1796 1797 1799 AND
2 1 1795 1799 1800 XOR
2 1 668 1800 1801 XOR
2 1 156 1800 1802 XOR
2 1 668 1802 1803 XOR
2 1 1801 1802 1804 AND
2 1 1800 1804 1805 XOR
2 1 669 1805 1806 XOR
2 1 157 1805 1807 XOR
2 1 669 1807 1808 XOR
2 1 1806 1807 1809 AND
2 1 1805 1809 1810 XOR
2 1 670 1810 1811 XOR
2 1 158 1810 1812 XOR
2 1 670 1812 1813 XOR
2 1 1811 1812 1814 AND
2 1 1810 1814 1815 XOR
2 1 671 1815 1816 XOR
2 1 159 1815 1817 XOR
2 1 671 1817 1818 XOR
2 1 1816 1817 1819 AND
2 1 1815 1819 1820 XOR
2 1 672 1820 1821 XOR
2 1 160 1820 1822 XOR
2 1 672 1822 1823 XOR
2 1 1821 1822 1824 AND
2 1 1820 1824 1825 XOR
2 1 673 1825 1826 XOR
2 1 161 1825 1827 XOR
2 1 673 1827 1828 XOR
2 1 1826 1827 1829 AND
2 1 1825 1829 1830 XOR
2 1 674 1830 1831 XOR
2 1 162 1830 1832 XOR
2 1 674 1832 1833 XOR
2 1 1831 1832 1834 AND
2 1 1830 1834 1835 XOR
2 1 675 1835 1836 XOR
2 1 163 1835 1837 XOR
2 1 675 1837 1838 XOR
2 1 1836 1837 1839 AND
2 1 1835 1839 1840 XOR
2 1 676 1840 1841 XOR
2 1 164 1840 1842 XOR
2 1 676 1842 1843 XOR
2 1 1841 1842 1844 AND
2 1 1840 1844 1845 XOR
2 1 677 1845 1846 XOR
2 1 165 1845 1847 XOR
2 1 677 1847 1848 XOR
2 1 1846 1847 1849 AND
2 1 1845 1849 1850 XOR
2 1 678 1850 1851 XOR
2 1 166 1850 1852 XOR
2 1 678 1852 1853 XOR
2 1 1851 1852 1854 AND
2 1 1850 1854 1855 XOR
2 1 679 1855 1856 XOR
2 1 167 1855 1857 XOR
2 1 679 1857 1858 XOR
2 1 1856 1857 1859 AND
2 1 1855 1859 1860 XOR
2 1 680 1860 1861 XOR
2 1 168 1860 1862 XOR
2 1 680 1862 1863 XOR
2 1 1861 1862 1864 AND
2 1 1860 1864 1865 XOR
2 1 681 1865 1866 XOR
2 1 169 1865 1867 XOR
2 1 681 1867 1868 XOR
2 1 1866 1867 1869 AND
2 1 1865 1869 1870 XOR
2 1 682 1870 1871 XOR
2 1 170 1870 1872 XOR
2 1 682 1872 1873 XOR
2 1 1871 1872 1874 AND
2 1 1870 1874 1875 XOR
2 1 683 1875 1876 XOR
2 1 171 1875 1877 XOR
2 1 683 1877 1878 XOR
2 1 1876 1877 1879 AND
2 1 1875 1879 1880 XOR
2 1 684 1880 1881 XOR
2 1 172 1880 1882 XOR
2 1 684 1882 1883 XOR
2 1 1881 1882 1884 AND
2 1 1880 1884 1885 XOR
2 1 685 1885 1886 XOR
2 1 173 1885 1887 XOR
2 1 685 1887 1888 XOR
2 1 1886 1887 1889 AND
2 1 1885 1889 1890 XOR
2 1 686 1890 1891 XOR
2 1 174 1890 1892 XOR
2 1 686 1892 1893 XOR
2 1 1891 1892 1894 AND
2 1 1890 1894 1895 XOR
2 1 687 1895 1896 XOR
2 1 175 1895 1897 XOR
2 1 687 1897 1898 XOR
2 1 1896 1897 1899 AND
2 1 1895 1899 1900 XOR
2 1 688 1900 1901 XOR
2 1 176 1900 1902 XOR
2 1 688 1902 1903 XOR
2 1 1901 1902 1904 AND
2 1 1900 1904 1905 XOR
2 1 689 1905 1906 XOR
2 1 177 1905 1907 XOR
2 1 689 1907 1908 XOR
2 1 1906 1907 1909 AND
2 1 1905 1909 1910 XOR
2 1 690 1910 1911 XOR
2 1 178 1910 1912 XOR
2 1 690 1912 1913 XOR
2 1 1911 1912 1914 AND
2 1 1910 1914 1915 XOR
2 1 691 1915 1916 XOR
2 1 179 1915 1917 XOR
2 1 691 1917 1918 XOR
2 1 1916 1917 1919 AND
2 1 1915 1919 1920 XOR
2 1 692 1920 1921 XOR
2 1 180 1920 1922 XOR
2 1 692 1922 1923 XOR
2 1 1921 1922 1924 AND
2 1 1920 1924 1925 XOR
2 1 693 1925 1926 XOR
2 1 181 1925 1927 XOR
2 1 693 1927 1928 XOR
2 1 1926 1927 1929 AND
2 1 1925 1929 1930 XOR
2 1 694 1930 1931 XOR
2 1 182 1930 1932 XOR
2 1 694 1932 1933 XOR
2 1 1931 1932 1934 AND
2 1 1930 1934 1935 XOR
2 1 695 1935 1936 XOR
2 1 183 1935 1937 XOR
2 1 695 1937 1938 XOR
2 1 1936 1937 1939 AND
2 1 1935 1939 1940 XOR
2 1 696 1940 1941 XOR
2 1 184 1940 1942 XOR
2 1 696 1942 1943 XOR
2 1 1941 1942 1944 AND
2 1 1940 1944 1945 XOR
2 1 697 1945 1946 XOR
2 1 185 1945 1947 XOR
2 1 697 1947 1948 XOR
2 1 1946 1947 1949 AND
2 1 1945 1949 1950 XOR
2 1 698 1950 1951 XOR
2 1 186 1950 1952 XOR
2 1 698 1952 1953 XOR
2 1 1951 1952 1954 AND
2 1 1950 1954 1955 XOR
2 1 699 1955 1956 XOR
2 1 187 1955 1957 XOR
2 1 699 1957 1958 XOR
2 1 1956 1957 1959 AND
2 1 1955 1959 1960 XOR
2 1 700 1960 1961 XOR
2 1 188 1960 1962 XOR
2 1 700 1962 1963 XOR
2 1 1961 1962 1964 AND
2 1 1960 1964 1965 XOR
2 1 701 1965 1966 XOR
2 1 189 1965 1967 XOR
2 1 701 1967 1968 XOR
2 1 1966 1967 1969 AND
2 1 1965 1969 1970 XOR
2 1 702 1970 1971 XOR
2 1 190 1970 1972 XOR
2 1 702 1972 1973 XOR
2 1 1971 1972 1974 AND
2 1 1970 1974 1975 XOR
2 1 703 1975 1976 XOR
2 1 191 1975 1977 XOR
2 1 703 1977 1978 XOR
2 1 1976 1977 1979 AND
2 1 1975 1979 1980 XOR
2 1 704 1980 1981 XOR
2 1 192 1980 1982 XOR
2 1 704 1982 1983 XOR
2 1 1981 1982 1984 AND
2 1 1980 1984 1985 XOR
2 1 705 1985 1986 XOR
2 1 193 1985 1987 XOR
2 1 705 1987 1988 XOR
2 1 1986 1987 1989 AND
2 1 1985 1989 1990 XOR
2 1 706 1990 1991 XOR
2 1 194 1990 1992 XOR
2 1 706 1992 1993 XOR
2 1 1991 1992 1994 AND
2 1 1990 1994 1995 XOR
2 1 707 1995 1996 XOR
2 1 195 1995 1997 XOR
2 1 707 1997 1998 XOR
2 1 1996 1997 1999 AND
2 1 1995 1999 2000 XOR
2 1 708 2000 2001 XOR
2 1 196 2000 2002 XOR
2 1 708 2002 2003 XOR
2 1 2001 2002 2004 AND
2 1 2000 2004 2005 XOR
2 1 709 2005 2006 XOR
2 1 197 2005 2007 XOR
2 1 709 2007 2008 XOR
2 1 2006 2007 2009 AND
2 1 2005 2009 2010 XOR
2 1 710 2010 2011 XOR
2 1 198 2010 2012 XOR
2 1 710 2012 2013 XOR
2 1 2011 2012 2014 AND
2 1 2010 2014 2015 XOR
2 1 711 2015 2016 XOR
2 1 199 2015 2017 XOR
2 1 711 2017 2018 XOR
2 1 2016 2017 2019 AND
2 1 2015 2019 2020 XOR
2 1 712 2020 2021 XOR
2 1 200 2020 2022 XOR
2 1 712 2022 2023 XOR
2 1 2021 2022 2024 AND
2 1 2020 2024 2025 XOR
2 1 713 2025 2026 XOR
2 1 201 2025 2027 XOR
2 1 713 2027 2028 XOR
2 1 2026 2027 2029 AND
2 1 2025 2029 2030 XOR
2 1 714 2030 2031 XOR
2 1 202 2030 2032 XOR
2 1 714 2032 2033 XOR
2 1 2031 2032 2034 AND
2 1 2030 2034 2035 XOR
2 1 715 2035 2036 XOR
2 1 203 2035 2037 XOR
2 1 715 2037 2038 XOR
2 1 2036 2037 2039 AND
2 1 2035 2039 2040 XOR
2 1 716 2040 2041 XOR
2 1 204 2040 2042 XOR
2 1 716 2042 2043 XOR
2 1 2041 2042 2044 AND
2 1 2040 2044 2045 XOR
2 1 717 2045 2046 XOR
2 1 205 2045 2047 XOR
2 1 717 2047 2048 XOR
2 1 2046 2047 2049 AND
2 1 2045 2049 2050 XOR
2 1 718 2050 2051 XOR
2 1 206 2050 2052 XOR
2 1 718 2052 2053 XOR
2 1 2051 2052 2054 AND
2 1 2050 2054 2055 XOR
2 1 719 2055 2056 XOR
2 1 207 2055 2057 XOR
2 1 719 2057 2058 XOR
2 1 2056 2057 2059 AND
2 1 2055 2059 2060 XOR
2 1 720 2060 2061 XOR
2 1 208 2060 2062 XOR
2 1 720 2062 2063 XOR
2 1 2061 2062 2064 AND
2 1 2060 2064 2065 XOR
2 1 721 2065 2066 XOR
2 1 209 2065 2067 XOR
2 1 721 2067 2068 XOR
2 1 2066 2067 2069 AND
2 1 2065 2069 2070 XOR
2 1 722 2070 2071 XOR
2 1 210 2070 2072 XOR
2 1 722 2072 2073 XOR
2 1 2071 2072 2074 AND
2 1 2070 2074 2075 XOR
2 1 723 2075 2076 XOR
2 1 211 2075 2077 XOR
2 1 723 2077 2078 XOR
2 1 2076 2077 2079 AND
2 1 2075 2079 2080 XOR
2 1 724 2080 2081 XOR
2 1 212 2080 2082 XOR
2 1 724 2082 2083 XOR
2 1 2081 2082 2084 AND
2 1 2080 2084 2085 XOR
2 1 725 2085 2086 XOR
2 1 213 2085 2087 XOR
2 1 725 2087 2088 XOR
2 1 2086 2087 2089 AND
2 1 2085 2089 2090 XOR
2 1 726 2090 2091 XOR
2 1 214 2090 2092 XOR
2 1 726 2092 2093 XOR
2 1 2091 2092 2094 AND
2 1 2090 2094 2095 XOR
2 1 727 2095 2096 XOR
2 1 215 2095 2097 XOR
2 1 727 2097 2098 XOR
2 1 2096 2097 2099 AND
2 1 2095 2099 2100 XOR
2 1 728 2100 2101 XOR
2 1 216 2100 2102 XOR
2 1 728 2102 2103 XOR
2 1 2101 2102 2104 AND
2 1 2100 2104 2105 XOR
2 1 729 2105 2106 XOR
2 1 217 2105 2107 XOR
2 1 729 2107 2108 XOR
2 1 2106 2107 2109 AND
2 1 2105 2109 2110 XOR
2 1 730 2110 2111 XOR
2 1 218 2110 2112 XOR
2 1 730 2112 2113 XOR
2 1 2111 2112 2114 AND
2 1 2110 2114 2115 XOR
2 1 731 2115 2116 XOR
2 1 219 2115 2117 XOR
2 1 731 2117 2118 XOR
2 1 2116 2117 2119 AND
2 1 2115 2119 2120 XOR
2 1 732 2120 2121 XOR
2 1 220 2120 2122 XOR
2 1 732 2122 2123 XOR
2 1 2121 2122 2124 AND
2 1 2120 2124 2125 XOR
2 1 733 2125 2126 XOR
2 1 221 2125 2127 XOR
2 1 733 2127 2128 XOR
2 1 2126 2127 2129 AND
2 1 2125 2129 2130 XOR
2 1 734 2130 2131 XOR
2 1 222 2130 2132 XOR
2 1 734 2132 2133 XOR
2 1 2131 2132 2134 AND
2 1 2130 2134 2135 XOR
2 1 735 2135 2136 XOR
2 1 223 2135 2137 XOR
2 1 735 2137 2138 XOR
2 1 2136 2137 2139 AND
2 1 2135 2139 2140 XOR
2 1 736 2140 2141 XOR
2 1 224 2140 2142 XOR
2 1 736 2142 2143 XOR
2 1 2141 2142 2144 AND
2 1 2140 2144 2145 XOR
2 1 737 2145 2146 XOR
2 1 225 2145 2147 XOR
2 1 737 2147 2148 XOR
2 1 2146 2147 2149 AND
2 1 2145 2149 2150 XOR
2 1 738 2150 2151 XOR
2 1 226 2150 2152 XOR
2 1 738 2152 2153 XOR
2 1 2151 2152 2154 AND
2 1 2150 2154 2155 XOR
2 1 739 2155 2156 XOR
2 1 227 2155 2157 XOR
2 1 739 2157 2158 XOR
2 1 2156 2157 2159 AND
2 1 2155 2159 2160 XOR
2 1 740 2160 2161 XOR
2 1 228 2160 2162 XOR
2 1 740 2162 2163 XOR
2 1 2161 2162 2164 AND
2 1 2160 2164 2165 XOR
2 1 741 2165 2166 XOR
2 1 229 2165 2167 XOR
2 1 741 2167 2168 XOR
2 1 2166 2167 2169 AND
2 1 2165 2169 2170 XOR
2 1 742 2170 2171 XOR
2 1 230 2170 2172 XOR
2 1 742 2172 2173 XOR
2 1 2171 2172 2174 AND
2 1 2170 2174 2175 XOR
2 1 743 2175 2176 XOR
2 1 231 2175 2177 XOR
2 1 743 2177 2178 XOR
2 1 2176 2177 2179 AND
2 1 2175 2179 2180 XOR
2 1 744 2180 2181 XOR
2 1 232 2180 2182 XOR
2 1 744 2182 2183 XOR
2 1 2181 2182 2184 AND
2 1 2180 2184 2185 XOR
2 1 745 2185 2186 XOR
2 1 233 2185 2187 XOR
2 1 745 2187 2188 XOR
2 1 2186 2187 2189 AND
2 1 2185 2189 2190 XOR
2 1 746 2190 2191 XOR
2 1 234 2190 2192 XOR
2 1 746 2192 2193 XOR
2 1 2191 2192 2194 AND
2 1 2190 2194 2195 XOR
2 1 747 2195 2196 XOR
2 1 235 2195 2197 XOR
2 1 747 2197 2198 XOR
2 1 2196 2197 2199 AND
2 1 2195 2199 2200 XOR
2 1 748 2200 2201 XOR
2 1 236 2200 2202 XOR
2 1 748 2202 2203 XOR
2 1 2201 2202 2204 AND
2 1 2200 2204 2205 XOR
2 1 749 2205 2206 XOR
2 1 237 2205 2207 XOR
2 1 749 2207 2208 XOR
2 1 2206 2207 2209 AND
2 1 2205 2209 2210 XOR
2 1 750 2210 2211 XOR
2 1 238 2210 2212 XOR
2 1 750 2212 2213 XOR
2 1 2211 2212 2214 AND
2 1 2210 2214 2215 XOR
2 1 751 2215 2216 XOR
2 1 239 2215 2217 XOR
2 1 751 2217 2218 XOR
2 1 2216 2217 2219 AND
2 1 2215 2219 2220 XOR
2 1 752 2220 2221 XOR
2 1 240 2220 2222 XOR
2 1 752 2222 2223 XOR
2 1 2221 2222 2224 AND
2 1 2220 2224 2225 XOR
2 1 753 2225 2226 XOR
2 1 241 2225 2227 XOR
2 1 753 2227 2228 XOR
2 1 2226 2227 2229 AND
2 1 2225 2229 2230 XOR
2 1 754 2230 2231 XOR
2 1 242 2230 2232 XOR
2 1 754 2232 2233 XOR
2 1 2231 2232 2234 AND
2 1 2230 2234 2235 XOR
2 1 755 2235 2236 XOR
2 1 243 2235 2237 XOR
2 1 755 2237 2238 XOR
2 1 2236 2237 2239 AND
2 1 2235 2239 2240 XOR
2 1 756 2240 2241 XOR
2 1 244 2240 2242 XOR
2 1 756 2242 2243 XOR
2 1 2241 2242 2244 AND
2 1 2240 2244 2245 XOR
2 1 757 2245 2246 XOR
2 1 245 2245 2247 XOR
2 1 757 2247 2248 XOR
2 1 2246 2247 2249 AND
2 1 2245 2249 2250 XOR
2 1 758 2250 2251 XOR
2 1 246 2250 2252 XOR
2 1 758 2252 2253 XOR
2 1 2251 2252 2254 AND
2 1 2250 2254 2255 XOR
2 1 759 2255 2256 XOR
2 1 247 2255 2257 XOR
2 1 759 2257 2258 XOR
2 1 2256 2257 2259 AND
2 1 2255 2259 2260 XOR
2 1 760 2260 2261 XOR
2 1 248 2260 2262 XOR
2 1 760 2262 2263 XOR
2 1 2261 2262 2264 AND
2 1 2260 2264 2265 XOR
2 1 761 2265 2266 XOR
2 1 249 2265 2267 XOR
2 1 761 2267 2268 XOR
2 1 2266 2267 2269 AND
2 1 2265 2269 2270 XOR
2 1 762 2270 2271 XOR
2 1 250 2270 2272 XOR
2 1 762 2272 2273 XOR
2 1 2271 2272 2274 AND
2 1 2270 2274 2275 XOR
2 1 763 2275 2276 XOR
2 1 251 2275 2277 XOR
2 1 763 2277 2278 XOR
2 1 2276 2277 2279 AND
2 1 2275 2279 2280 XOR
2 1 764 2280 2281 XOR
2 1 252 2280 2282 XOR
2 1 764 2282 2283 XOR
2 1 2281 2282 2284 AND
2 1 2280 2284 2285 XOR
2 1 765 2285 2286 XOR
2 1 253 2285 2287 XOR
2 1 765 2287 2288 XOR
2 1 2286 2287 2289 AND
2 1 2285 2289 2290 XOR
2 1 766 2290 2291 XOR
2 1 254 2290 2292 XOR
2 1 766 2292 2293 XOR
2 1 2291 2292 2294 AND
2 1 2290 2294 2295 XOR
2 1 2295 255 2296 XOR
2 1 2296 767 2297 XOR
2 1 0 0 2298 XOR
2 1 2298 1024 2299 XOR
2 1 2298 1028 2300 XOR
2 1 2298 1033 2301 XOR
2 1 2298 1038 2302 XOR
2 1 2298 1043 2303 XOR
2 1 2298 1048 2304 XOR
2 1 2298 1053 2305 XOR
2 1 2298 1058 2306 XOR
2 1 2298 1063 2307 XOR
2 1 2298 1068 2308 XOR
2 1 2298 1073 2309 XOR
2 1 2298 1078 2310 XOR
2 1 2298 1083 2311 XOR
2 1 2298 1088 2312 XOR
2 1 2298 1093 2313 XOR
2 1 2298 1098 2314 XOR
2 1 2298 1103 2315 XOR
2 1 2298 1108 2316 XOR
2 1 2298 1113 2317 XOR
2 1 2298 1118 2318 XOR
2 1 2298 1123 2319 XOR
2 1 2298 1128 2320 XOR
2 1 2298 1133 2321 XOR
2 1 2298 1138 2322 XOR
2 1 2298 1143 2323 XOR
2 1 2298 1148 2324 XOR
2 1 2298 1153 2325 XOR
2 1 2298 1158 2326 XOR
2 1 2298 1163 2327 XOR
2 1 2298 1168 2328 XOR
2 1 2298 1173 2329 XOR
2 1 2298 1178 2330 XOR
2 1 2298 1183 2331 XOR
2 1 2298 1188 2332 XOR
2 1 2298 1193 2333 XOR
2 1 2298 1198 2334 XOR
2 1 2298 1203 2335 XOR
2 1 2298 1208 2336 XOR
2 1 2298 1213 2337 XOR
2 1 2298 1218 2338 XOR
2 1 2298 1223 2339 XOR
2 1 2298 1228 2340 XOR
2 1 2298 1233 2341 XOR
2 1 2298 1238 2342 XOR
2 1 2298 1243 2343 XOR
2 1 2298 1248 2344 XOR
2 1 2298 1253 2345 XOR
2 1 2298 1258 2346 XOR
2 1 2298 1263 2347 XOR
2 1 2298 1268 2348 XOR
2 1 2298 1273 2349 XOR
2 1 2298 1278 2350 XOR
2 1 2298 1283 2351 XOR
2 1 2298 1288 2352 XOR
2 1 2298 1293 2353 XOR
2 1 2298 1298 2354 XOR
2 1 2298 1303 2355 XOR
2 1 2298 1308 2356 XOR
2 1 2298 1313 2357 XOR
2 1 2298 1318 2358 XOR
2 1 2298 1323 2359 XOR
2 1 2298 1328 2360 XOR
2 1 2298 1333 2361 XOR
2 1 2298 1338 2362 XOR
2 1 2298 1343 2363 XOR
2 1 2298 1348 2364 XOR
2 1 2298 1353 2365 XOR
2 1 2298 1358 2366 XOR
2 1 2298 1363 2367 XOR
2 1 2298 1368 2368 XOR
2 1 2298 1373 2369 XOR
2 1 2298 1378 2370 XOR
2 1 2298 1383 2371 XOR
2 1 2298 1388 2372 XOR
2 1 2298 1393 2373 XOR
2 1 2298 1398 2374 XOR
2 1 2298 1403 2375 XOR
2 1 2298 1408 2376 XOR
2 1 2298 1413 2377 XOR
2 1 2298 1418 2378 XOR
2 1 2298 1423 2379 XOR
2 1 2298 1428 2380 XOR
2 1 2298 1433 2381 XOR
2 1 2298 1438 2382 XOR
2 1 2298 1443 2383 XOR
2 1 2298 1448 2384 XOR
2 1 2298 1453 2385 XOR
2 1 2298 1458 2386 XOR
2 1 2298 1463 2387 XOR
2 1 2298 1468 2388 XOR
2 1 2298 1473 2389 XOR
2 1 2298 1478 2390 XOR
2 1 2298 1483 2391 XOR
2 1 2298 1488 2392 XOR
2 1 2298 1493 2393 XOR
2 1 2298 1498 2394 XOR
2 1 2298 1503 2395 XOR
2 1 2298 1508 2396 XOR
2 1 2298 1513 2397 XOR
2 1 2298 1518 2398 XOR
2 1 2298 1523 2399 XOR
2 1 2298 1528 2400 XOR
2 1 2298 1533 2401 XOR
2 1 2298 1538 2402 XOR
2 1 2298 1543 2403 XOR
2 1 2298 1548 2404 XOR
2 1 2298 1553 2405 XOR
2 1 2298 1558 2406 XOR
2 1 2298 1563 2407 XOR
2 1 2298 1568 2408 XOR
2 1 2298 1573 2409 XOR
2 1 2298 1578 2410 XOR
2 1 2298 1583 2411 XOR
2 1 2298 1588 2412 XOR
2 1 2298 1593 2413 XOR
2 1 2298 1598 2414 XOR
2 1 2298 1603 2415 XOR
2 1 2298 1608 2416 XOR
2 1 2298 1613 2417 XOR
2 1 2298 1618 2418 XOR
2 1 2298 1623 2419 XOR
2 1 2298 1628 2420 XOR
2 1 2298 1633 2421 XOR
2 1 2298 1638 2422 XOR
2 1 2298 1643 2423 XOR
2 1 2298 1648 2424 XOR
2 1 2298 1653 2425 XOR
2 1 2298 1658 2426 XOR
2 1 2298 1663 2427 XOR
2 1 2298 1668 2428 XOR
2 1 2298 1673 2429 XOR
2 1 2298 1678 2430 XOR
2 1 2298 1683 2431 XOR
2 1 2298 1688 2432 XOR
2 1 2298 1693 2433 XOR
2 1 2298 1698 2434 XOR
2 1 2298 1703 2435 XOR
2 1 2298 1708 2436 XOR
2 1 2298 1713 2437 XOR
2 1 2298 1718 2438 XOR
2 1 2298 1723 2439 XOR
2 1 2298 1728 2440 XOR
2 1 2298 1733 2441 XOR
2 1 2298 1738 2442 XOR
2 1 2298 1743 2443 XOR
2 1 2298 1748 2444 XOR
2 1 2298 1753 2445 XOR
2 1 2298 1758 2446 XOR
2 1 2298 1763 2447 XOR
2 1 2298 1768 2448 XOR
2 1 2298 1773 2449 XOR
2 1 2298 1778 2450 XOR
2 1 2298 1783 2451 XOR
2 1 2298 1788 2452 XOR
2 1 2298 1793 2453 XOR
2 1 2298 1798 2454 XOR
2 1 2298 1803 2455 XOR
2 1 2298 1808 2456 XOR
2 1 2298 1813 2457 XOR
2 1 2298 1818 2458 XOR
2 1 2298 1823 2459 XOR
2 1 2298 1828 2460 XOR
2 1 2298 1833 2461 XOR
2 1 2298 1838 2462 XOR
2 1 2298 1843 2463 XOR
2 1 2298 1848 2464 XOR
2 1 2298 1853 2465 XOR
2 1 2298 1858 2466 XOR
2 1 2298 1863 2467 XOR
2 1 2298 1868 2468 XOR
2 1 2298 1873 2469 XOR
2 1 2298 1878 2470 XOR
2 1 2298 1883 2471 XOR
2 1 2298 1888 2472 XOR
2 1 2298 1893 2473 XOR
2 1 2298 1898 2474 XOR
2 1 2298 1903 2475 XOR
2 1 2298 1908 2476 XOR
2 1 2298 1913 2477 XOR
2 1 2298 1918 2478 XOR
2 1 2298 1923 2479 XOR
2 1 2298 1928 2480 XOR
2 1 2298 1933 2481 XOR
2 1 2298 1938 2482 XOR
2 1 2298 1943 2483 XOR
2 1 2298 1948 2484 XOR
2 1 2298 1953 2485 XOR
2 1 2298 1958 2486 XOR
2 1 2298 1963 2487 XOR
2 1 2298 1968 2488 XOR
2 1 2298 1973 2489 XOR
2 1 2298 1978 2490 XOR
2 1 2298 1983 2491 XOR
2 1 2298 1988 2492 XOR
2 1 2298 1993 2493 XOR
2 1 2298 1998 2494 XOR
2 1 2298 2003 2495 XOR
2 1 2298 2008 2496 XOR
2 1 2298 2013 2497 XOR
2 1 2298 2018 2498 XOR
2 1 2298 2023 2499 XOR
2 1 2298 2028 2500 XOR
2 1 2298 2033 2501 XOR
2 1 2298 2038 2502 XOR
2 1 2298 2043 2503 XOR
2 1 2298 2048 2504 XOR
2 1 2298 2053 2505 XOR
2 1 2298 2058 2506 XOR
2 1 2298 2063 2507 XOR
2 1 2298 2068 2508 XOR
2 1 2298 2073 2509 XOR
2 1 2298 2078 2510 XOR
2 1 2298 2083 2511 XOR
2 1 2298 2088 2512 XOR
2 1 2298 2093 2513 XOR
2 1 2298 2098 2514 XOR
2 1 2298 2103 2515 XOR
2 1 2298 2108 2516 XOR
2 1 2298 2113 2517 XOR
2 1 2298 2118 2518 XOR
2 1 2298 2123 2519 XOR
2 1 2298 2128 2520 XOR
2 1 2298 2133 2521 XOR
2 1 2298 2138 2522 XOR
2 1 2298 2143 2523 XOR
2 1 2298 2148 2524 XOR
2 1 2298 2153 2525 XOR
2 1 2298 2158 2526 XOR
2 1 2298 2163 2527 XOR
2 1 2298 2168 2528 XOR
2 1 2298 2173 2529 XOR
2 1 2298 2178 2530 XOR
2 1 2298 2183 2531 XOR
2 1 2298 2188 2532 XOR
2 1 2298 2193 2533 XOR
2 1 2298 2198 2534 XOR
2 1 2298 2203 2535 XOR
2 1 2298 2208 2536 XOR
2 1 2298 2213 2537 XOR
2 1 2298 2218 2538 XOR
2 1 2298 2223 2539 XOR
2 1 2298 2228 2540 XOR
2 1 2298 2233 2541 XOR
2 1 2298 2238 2542 XOR
2 1 2298 2243 2543 XOR
2 1 2298 2248 2544 XOR
2 1 2298 2253 2545 XOR
2 1 2298 2258 2546 XOR
2 1 2298 2263 2547 XOR
2 1 2298 2268 2548 XOR
2 1 2298 2273 2549 XOR
2 1 2298 2278 2550 XOR
2 1 2298 2283 2551 XOR
2 1 2298 2288 2552 XOR
2 1 2298 2293 2553 XOR
2 1 2298 2297 2554 XOR
