194 258
32 32 33
                                                                                                                                                                                       
2 1 0 32 64 XOR
2 1 64 32 65 AND
2 1 1 33 66 XOR
2 1 65 33 67 XOR
2 1 66 65 68 XOR
2 1 66 67 69 AND
2 1 65 69 70 XOR
2 1 2 34 71 XOR
2 1 70 34 72 XOR
2 1 71 70 73 XOR
2 1 71 72 74 AND
2 1 70 74 75 XOR
2 1 3 35 76 XOR
2 1 75 35 77 XOR
2 1 76 75 78 XOR
2 1 76 77 79 AND
2 1 75 79 80 XOR
2 1 4 36 81 XOR
2 1 80 36 82 XOR
2 1 81 80 83 XOR
2 1 81 82 84 AND
2 1 80 84 85 XOR
2 1 5 37 86 XOR
2 1 85 37 87 XOR
2 1 86 85 88 XOR
2 1 86 87 89 AND
2 1 85 89 90 XOR
2 1 6 38 91 XOR
2 1 90 38 92 XOR
2 1 91 90 93 XOR
2 1 91 92 94 AND
2 1 90 94 95 XOR
2 1 7 39 96 XOR
2 1 95 39 97 XOR
2 1 96 95 98 XOR
2 1 96 97 99 AND
2 1 95 99 100 XOR
2 1 8 40 101 XOR
2 1 100 40 102 XOR
2 1 101 100 103 XOR
2 1 101 102 104 AND
2 1 100 104 105 XOR
2 1 9 41 106 XOR
2 1 105 41 107 XOR
2 1 106 105 108 XOR
2 1 106 107 109 AND
2 1 105 109 110 XOR
2 1 10 42 111 XOR
2 1 110 42 112 XOR
2 1 111 110 113 XOR
2 1 111 112 114 AND
2 1 110 114 115 XOR
2 1 11 43 116 XOR
2 1 115 43 117 XOR
2 1 116 115 118 XOR
2 1 116 117 119 AND
2 1 115 119 120 XOR
2 1 12 44 121 XOR
2 1 120 44 122 XOR
2 1 121 120 123 XOR
2 1 121 122 124 AND
2 1 120 124 125 XOR
2 1 13 45 126 XOR
2 1 125 45 127 XOR
2 1 126 125 128 XOR
2 1 126 127 129 AND
2 1 125 129 130 XOR
2 1 14 46 131 XOR
2 1 130 46 132 XOR
2 1 131 130 133 XOR
2 1 131 132 134 AND
2 1 130 134 135 XOR
2 1 15 47 136 XOR
2 1 135 47 137 XOR
2 1 136 135 138 XOR
2 1 136 137 139 AND
2 1 135 139 140 XOR
2 1 16 48 141 XOR
2 1 140 48 142 XOR
2 1 141 140 143 XOR
2 1 141 142 144 AND
2 1 140 144 145 XOR
2 1 17 49 146 XOR
2 1 145 49 147 XOR
2 1 146 145 148 XOR
2 1 146 147 149 AND
2 1 145 149 150 XOR
2 1 18 50 151 XOR
2 1 150 50 152 XOR
2 1 151 150 153 XOR
2 1 151 152 154 AND
2 1 150 154 155 XOR
2 1 19 51 156 XOR
2 1 155 51 157 XOR
2 1 156 155 158 XOR
2 1 156 157 159 AND
2 1 155 159 160 XOR
2 1 20 52 161 XOR
2 1 160 52 162 XOR
2 1 161 160 163 XOR
2 1 161 162 164 AND
2 1 160 164 165 XOR
2 1 21 53 166 XOR
2 1 165 53 167 XOR
2 1 166 165 168 XOR
2 1 166 167 169 AND
2 1 165 169 170 XOR
2 1 22 54 171 XOR
2 1 170 54 172 XOR
2 1 171 170 173 XOR
2 1 171 172 174 AND
2 1 170 174 175 XOR
2 1 23 55 176 XOR
2 1 175 55 177 XOR
2 1 176 175 178 XOR
2 1 176 177 179 AND
2 1 175 179 180 XOR
2 1 24 56 181 XOR
2 1 180 56 182 XOR
2 1 181 180 183 XOR
2 1 181 182 184 AND
2 1 180 184 185 XOR
2 1 25 57 186 XOR
2 1 185 57 187 XOR
2 1 186 185 188 XOR
2 1 186 187 189 AND
2 1 185 189 190 XOR
2 1 26 58 191 XOR
2 1 190 58 192 XOR
2 1 191 190 193 XOR
2 1 191 192 194 AND
2 1 190 194 195 XOR
2 1 27 59 196 XOR
2 1 195 59 197 XOR
2 1 196 195 198 XOR
2 1 196 197 199 AND
2 1 195 199 200 XOR
2 1 28 60 201 XOR
2 1 200 60 202 XOR
2 1 201 200 203 XOR
2 1 201 202 204 AND
2 1 200 204 205 XOR
2 1 29 61 206 XOR
2 1 205 61 207 XOR
2 1 206 205 208 XOR
2 1 206 207 209 AND
2 1 205 209 210 XOR
2 1 30 62 211 XOR
2 1 210 62 212 XOR
2 1 211 210 213 XOR
2 1 211 212 214 AND
2 1 210 214 215 XOR
2 1 31 63 216 XOR
2 1 215 63 217 XOR
2 1 216 215 218 XOR
2 1 216 217 219 AND
2 1 215 219 220 XOR
2 1 31 63 221 XOR
2 1 221 220 222 XOR
1 1 222 223 INV
2 1 0 0 224 XOR
2 1 224 223 225 XOR
2 1 224 0 226 XOR
2 1 224 1 227 XOR
2 1 224 2 228 XOR
2 1 224 3 229 XOR
2 1 224 4 230 XOR
2 1 224 5 231 XOR
2 1 224 6 232 XOR
2 1 224 7 233 XOR
2 1 224 8 234 XOR
2 1 224 9 235 XOR
2 1 224 10 236 XOR
2 1 224 11 237 XOR
2 1 224 12 238 XOR
2 1 224 13 239 XOR
2 1 224 14 240 XOR
2 1 224 15 241 XOR
2 1 224 16 242 XOR
2 1 224 17 243 XOR
2 1 224 18 244 XOR
2 1 224 19 245 XOR
2 1 224 20 246 XOR
2 1 224 21 247 XOR
2 1 224 22 248 XOR
2 1 224 23 249 XOR
2 1 224 24 250 XOR
2 1 224 25 251 XOR
2 1 224 26 252 XOR
2 1 224 27 253 XOR
2 1 224 28 254 XOR
2 1 224 29 255 XOR
2 1 224 30 256 XOR
2 1 224 31 257 XOR
