629 661
16 16 16
                                                                                                                                                                                       
2 1 8 24 32 AND
2 1 9 24 33 AND
2 1 10 24 34 AND
2 1 11 24 35 AND
2 1 12 24 36 AND
2 1 13 24 37 AND
2 1 14 24 38 AND
2 1 15 24 39 AND
2 1 8 25 40 AND
2 1 9 25 41 AND
2 1 10 25 42 AND
2 1 11 25 43 AND
2 1 12 25 44 AND
2 1 13 25 45 AND
2 1 14 25 46 AND
2 1 33 40 47 XOR
2 1 33 40 48 AND
2 1 34 48 49 XOR
2 1 41 48 50 XOR
2 1 34 50 51 XOR
2 1 49 50 52 AND
2 1 48 52 53 XOR
2 1 35 53 54 XOR
2 1 42 53 55 XOR
2 1 35 55 56 XOR
2 1 54 55 57 AND
2 1 53 57 58 XOR
2 1 36 58 59 XOR
2 1 43 58 60 XOR
2 1 36 60 61 XOR
2 1 59 60 62 AND
2 1 58 62 63 XOR
2 1 37 63 64 XOR
2 1 44 63 65 XOR
2 1 37 65 66 XOR
2 1 64 65 67 AND
2 1 63 67 68 XOR
2 1 38 68 69 XOR
2 1 45 68 70 XOR
2 1 38 70 71 XOR
2 1 69 70 72 AND
2 1 68 72 73 XOR
2 1 73 46 74 XOR
2 1 74 39 75 XOR
2 1 8 26 76 AND
2 1 9 26 77 AND
2 1 10 26 78 AND
2 1 11 26 79 AND
2 1 12 26 80 AND
2 1 13 26 81 AND
2 1 51 76 82 XOR
2 1 51 76 83 AND
2 1 56 83 84 XOR
2 1 77 83 85 XOR
2 1 56 85 86 XOR
2 1 84 85 87 AND
2 1 83 87 88 XOR
2 1 61 88 89 XOR
2 1 78 88 90 XOR
2 1 61 90 91 XOR
2 1 89 90 92 AND
2 1 88 92 93 XOR
2 1 66 93 94 XOR
2 1 79 93 95 XOR
2 1 66 95 96 XOR
2 1 94 95 97 AND
2 1 93 97 98 XOR
2 1 71 98 99 XOR
2 1 80 98 100 XOR
2 1 71 100 101 XOR
2 1 99 100 102 AND
2 1 98 102 103 XOR
2 1 103 81 104 XOR
2 1 104 75 105 XOR
2 1 8 27 106 AND
2 1 9 27 107 AND
2 1 10 27 108 AND
2 1 11 27 109 AND
2 1 12 27 110 AND
2 1 86 106 111 XOR
2 1 86 106 112 AND
2 1 91 112 113 XOR
2 1 107 112 114 XOR
2 1 91 114 115 XOR
2 1 113 114 116 AND
2 1 112 116 117 XOR
2 1 96 117 118 XOR
2 1 108 117 119 XOR
2 1 96 119 120 XOR
2 1 118 119 121 AND
2 1 117 121 122 XOR
2 1 101 122 123 XOR
2 1 109 122 124 XOR
2 1 101 124 125 XOR
2 1 123 124 126 AND
2 1 122 126 127 XOR
2 1 127 110 128 XOR
2 1 128 105 129 XOR
2 1 8 28 130 AND
2 1 9 28 131 AND
2 1 10 28 132 AND
2 1 11 28 133 AND
2 1 115 130 134 XOR
2 1 115 130 135 AND
2 1 120 135 136 XOR
2 1 131 135 137 XOR
2 1 120 137 138 XOR
2 1 136 137 139 AND
2 1 135 139 140 XOR
2 1 125 140 141 XOR
2 1 132 140 142 XOR
2 1 125 142 143 XOR
2 1 141 142 144 AND
2 1 140 144 145 XOR
2 1 145 133 146 XOR
2 1 146 129 147 XOR
2 1 8 29 148 AND
2 1 9 29 149 AND
2 1 10 29 150 AND
2 1 138 148 151 XOR
2 1 138 148 152 AND
2 1 143 152 153 XOR
2 1 149 152 154 XOR
2 1 143 154 155 XOR
2 1 153 154 156 AND
2 1 152 156 157 XOR
2 1 157 150 158 XOR
2 1 158 147 159 XOR
2 1 8 30 160 AND
2 1 9 30 161 AND
2 1 155 160 162 XOR
2 1 155 160 163 AND
2 1 163 161 164 XOR
2 1 164 159 165 XOR
2 1 8 31 166 AND
2 1 166 165 167 XOR
2 1 0 16 168 AND
2 1 1 16 169 AND
2 1 2 16 170 AND
2 1 3 16 171 AND
2 1 4 16 172 AND
2 1 5 16 173 AND
2 1 6 16 174 AND
2 1 7 16 175 AND
2 1 0 17 176 AND
2 1 1 17 177 AND
2 1 2 17 178 AND
2 1 3 17 179 AND
2 1 4 17 180 AND
2 1 5 17 181 AND
2 1 6 17 182 AND
2 1 169 176 183 XOR
2 1 169 176 184 AND
2 1 170 184 185 XOR
2 1 177 184 186 XOR
2 1 170 186 187 XOR
2 1 185 186 188 AND
2 1 184 188 189 XOR
2 1 171 189 190 XOR
2 1 178 189 191 XOR
2 1 171 191 192 XOR
2 1 190 191 193 AND
2 1 189 193 194 XOR
2 1 172 194 195 XOR
2 1 179 194 196 XOR
2 1 172 196 197 XOR
2 1 195 196 198 AND
2 1 194 198 199 XOR
2 1 173 199 200 XOR
2 1 180 199 201 XOR
2 1 173 201 202 XOR
2 1 200 201 203 AND
2 1 199 203 204 XOR
2 1 174 204 205 XOR
2 1 181 204 206 XOR
2 1 174 206 207 XOR
2 1 205 206 208 AND
2 1 204 208 209 XOR
2 1 209 182 210 XOR
2 1 210 175 211 XOR
2 1 0 18 212 AND
2 1 1 18 213 AND
2 1 2 18 214 AND
2 1 3 18 215 AND
2 1 4 18 216 AND
2 1 5 18 217 AND
2 1 187 212 218 XOR
2 1 187 212 219 AND
2 1 192 219 220 XOR
2 1 213 219 221 XOR
2 1 192 221 222 XOR
2 1 220 221 223 AND
2 1 219 223 224 XOR
2 1 197 224 225 XOR
2 1 214 224 226 XOR
2 1 197 226 227 XOR
2 1 225 226 228 AND
2 1 224 228 229 XOR
2 1 202 229 230 XOR
2 1 215 229 231 XOR
2 1 202 231 232 XOR
2 1 230 231 233 AND
2 1 229 233 234 XOR
2 1 207 234 235 XOR
2 1 216 234 236 XOR
2 1 207 236 237 XOR
2 1 235 236 238 AND
2 1 234 238 239 XOR
2 1 239 217 240 XOR
2 1 240 211 241 XOR
2 1 0 19 242 AND
2 1 1 19 243 AND
2 1 2 19 244 AND
2 1 3 19 245 AND
2 1 4 19 246 AND
2 1 222 242 247 XOR
2 1 222 242 248 AND
2 1 227 248 249 XOR
2 1 243 248 250 XOR
2 1 227 250 251 XOR
2 1 249 250 252 AND
2 1 248 252 253 XOR
2 1 232 253 254 XOR
2 1 244 253 255 XOR
2 1 232 255 256 XOR
2 1 254 255 257 AND
2 1 253 257 258 XOR
2 1 237 258 259 XOR
2 1 245 258 260 XOR
2 1 237 260 261 XOR
2 1 259 260 262 AND
2 1 258 262 263 XOR
2 1 263 246 264 XOR
2 1 264 241 265 XOR
2 1 0 20 266 AND
2 1 1 20 267 AND
2 1 2 20 268 AND
2 1 3 20 269 AND
2 1 251 266 270 XOR
2 1 251 266 271 AND
2 1 256 271 272 XOR
2 1 267 271 273 XOR
2 1 256 273 274 XOR
2 1 272 273 275 AND
2 1 271 275 276 XOR
2 1 261 276 277 XOR
2 1 268 276 278 XOR
2 1 261 278 279 XOR
2 1 277 278 280 AND
2 1 276 280 281 XOR
2 1 281 269 282 XOR
2 1 282 265 283 XOR
2 1 0 21 284 AND
2 1 1 21 285 AND
2 1 2 21 286 AND
2 1 274 284 287 XOR
2 1 274 284 288 AND
2 1 279 288 289 XOR
2 1 285 288 290 XOR
2 1 279 290 291 XOR
2 1 289 290 292 AND
2 1 288 292 293 XOR
2 1 293 286 294 XOR
2 1 294 283 295 XOR
2 1 0 22 296 AND
2 1 1 22 297 AND
2 1 291 296 298 XOR
2 1 291 296 299 AND
2 1 299 297 300 XOR
2 1 300 295 301 XOR
2 1 0 23 302 AND
2 1 302 301 303 XOR
2 1 168 32 304 XOR
2 1 168 32 305 AND
2 1 183 305 306 XOR
2 1 47 305 307 XOR
2 1 183 307 308 XOR
2 1 306 307 309 AND
2 1 305 309 310 XOR
2 1 218 310 311 XOR
2 1 82 310 312 XOR
2 1 218 312 313 XOR
2 1 311 312 314 AND
2 1 310 314 315 XOR
2 1 247 315 316 XOR
2 1 111 315 317 XOR
2 1 247 317 318 XOR
2 1 316 317 319 AND
2 1 315 319 320 XOR
2 1 270 320 321 XOR
2 1 134 320 322 XOR
2 1 270 322 323 XOR
2 1 321 322 324 AND
2 1 320 324 325 XOR
2 1 287 325 326 XOR
2 1 151 325 327 XOR
2 1 287 327 328 XOR
2 1 326 327 329 AND
2 1 325 329 330 XOR
2 1 298 330 331 XOR
2 1 162 330 332 XOR
2 1 298 332 333 XOR
2 1 331 332 334 AND
2 1 330 334 335 XOR
2 1 335 167 336 XOR
2 1 336 303 337 XOR
2 1 8 16 338 AND
2 1 9 16 339 AND
2 1 10 16 340 AND
2 1 11 16 341 AND
2 1 12 16 342 AND
2 1 13 16 343 AND
2 1 14 16 344 AND
2 1 15 16 345 AND
2 1 8 17 346 AND
2 1 9 17 347 AND
2 1 10 17 348 AND
2 1 11 17 349 AND
2 1 12 17 350 AND
2 1 13 17 351 AND
2 1 14 17 352 AND
2 1 339 346 353 XOR
2 1 339 346 354 AND
2 1 340 354 355 XOR
2 1 347 354 356 XOR
2 1 340 356 357 XOR
2 1 355 356 358 AND
2 1 354 358 359 XOR
2 1 341 359 360 XOR
2 1 348 359 361 XOR
2 1 341 361 362 XOR
2 1 360 361 363 AND
2 1 359 363 364 XOR
2 1 342 364 365 XOR
2 1 349 364 366 XOR
2 1 342 366 367 XOR
2 1 365 366 368 AND
2 1 364 368 369 XOR
2 1 343 369 370 XOR
2 1 350 369 371 XOR
2 1 343 371 372 XOR
2 1 370 371 373 AND
2 1 369 373 374 XOR
2 1 344 374 375 XOR
2 1 351 374 376 XOR
2 1 344 376 377 XOR
2 1 375 376 378 AND
2 1 374 378 379 XOR
2 1 379 352 380 XOR
2 1 380 345 381 XOR
2 1 8 18 382 AND
2 1 9 18 383 AND
2 1 10 18 384 AND
2 1 11 18 385 AND
2 1 12 18 386 AND
2 1 13 18 387 AND
2 1 357 382 388 XOR
2 1 357 382 389 AND
2 1 362 389 390 XOR
2 1 383 389 391 XOR
2 1 362 391 392 XOR
2 1 390 391 393 AND
2 1 389 393 394 XOR
2 1 367 394 395 XOR
2 1 384 394 396 XOR
2 1 367 396 397 XOR
2 1 395 396 398 AND
2 1 394 398 399 XOR
2 1 372 399 400 XOR
2 1 385 399 401 XOR
2 1 372 401 402 XOR
2 1 400 401 403 AND
2 1 399 403 404 XOR
2 1 377 404 405 XOR
2 1 386 404 406 XOR
2 1 377 406 407 XOR
2 1 405 406 408 AND
2 1 404 408 409 XOR
2 1 409 387 410 XOR
2 1 410 381 411 XOR
2 1 8 19 412 AND
2 1 9 19 413 AND
2 1 10 19 414 AND
2 1 11 19 415 AND
2 1 12 19 416 AND
2 1 392 412 417 XOR
2 1 392 412 418 AND
2 1 397 418 419 XOR
2 1 413 418 420 XOR
2 1 397 420 421 XOR
2 1 419 420 422 AND
2 1 418 422 423 XOR
2 1 402 423 424 XOR
2 1 414 423 425 XOR
2 1 402 425 426 XOR
2 1 424 425 427 AND
2 1 423 427 428 XOR
2 1 407 428 429 XOR
2 1 415 428 430 XOR
2 1 407 430 431 XOR
2 1 429 430 432 AND
2 1 428 432 433 XOR
2 1 433 416 434 XOR
2 1 434 411 435 XOR
2 1 8 20 436 AND
2 1 9 20 437 AND
2 1 10 20 438 AND
2 1 11 20 439 AND
2 1 421 436 440 XOR
2 1 421 436 441 AND
2 1 426 441 442 XOR
2 1 437 441 443 XOR
2 1 426 443 444 XOR
2 1 442 443 445 AND
2 1 441 445 446 XOR
2 1 431 446 447 XOR
2 1 438 446 448 XOR
2 1 431 448 449 XOR
2 1 447 448 450 AND
2 1 446 450 451 XOR
2 1 451 439 452 XOR
2 1 452 435 453 XOR
2 1 8 21 454 AND
2 1 9 21 455 AND
2 1 10 21 456 AND
2 1 444 454 457 XOR
2 1 444 454 458 AND
2 1 449 458 459 XOR
2 1 455 458 460 XOR
2 1 449 460 461 XOR
2 1 459 460 462 AND
2 1 458 462 463 XOR
2 1 463 456 464 XOR
2 1 464 453 465 XOR
2 1 8 22 466 AND
2 1 9 22 467 AND
2 1 461 466 468 XOR
2 1 461 466 469 AND
2 1 469 467 470 XOR
2 1 470 465 471 XOR
2 1 8 23 472 AND
2 1 472 471 473 XOR
2 1 0 24 474 AND
2 1 1 24 475 AND
2 1 2 24 476 AND
2 1 3 24 477 AND
2 1 4 24 478 AND
2 1 5 24 479 AND
2 1 6 24 480 AND
2 1 7 24 481 AND
2 1 0 25 482 AND
2 1 1 25 483 AND
2 1 2 25 484 AND
2 1 3 25 485 AND
2 1 4 25 486 AND
2 1 5 25 487 AND
2 1 6 25 488 AND
2 1 475 482 489 XOR
2 1 475 482 490 AND
2 1 476 490 491 XOR
2 1 483 490 492 XOR
2 1 476 492 493 XOR
2 1 491 492 494 AND
2 1 490 494 495 XOR
2 1 477 495 496 XOR
2 1 484 495 497 XOR
2 1 477 497 498 XOR
2 1 496 497 499 AND
2 1 495 499 500 XOR
2 1 478 500 501 XOR
2 1 485 500 502 XOR
2 1 478 502 503 XOR
2 1 501 502 504 AND
2 1 500 504 505 XOR
2 1 479 505 506 XOR
2 1 486 505 507 XOR
2 1 479 507 508 XOR
2 1 506 507 509 AND
2 1 505 509 510 XOR
2 1 480 510 511 XOR
2 1 487 510 512 XOR
2 1 480 512 513 XOR
2 1 511 512 514 AND
2 1 510 514 515 XOR
2 1 515 488 516 XOR
2 1 516 481 517 XOR
2 1 0 26 518 AND
2 1 1 26 519 AND
2 1 2 26 520 AND
2 1 3 26 521 AND
2 1 4 26 522 AND
2 1 5 26 523 AND
2 1 493 518 524 XOR
2 1 493 518 525 AND
2 1 498 525 526 XOR
2 1 519 525 527 XOR
2 1 498 527 528 XOR
2 1 526 527 529 AND
2 1 525 529 530 XOR
2 1 503 530 531 XOR
2 1 520 530 532 XOR
2 1 503 532 533 XOR
2 1 531 532 534 AND
2 1 530 534 535 XOR
2 1 508 535 536 XOR
2 1 521 535 537 XOR
2 1 508 537 538 XOR
2 1 536 537 539 AND
2 1 535 539 540 XOR
2 1 513 540 541 XOR
2 1 522 540 542 XOR
2 1 513 542 543 XOR
2 1 541 542 544 AND
2 1 540 544 545 XOR
2 1 545 523 546 XOR
2 1 546 517 547 XOR
2 1 0 27 548 AND
2 1 1 27 549 AND
2 1 2 27 550 AND
2 1 3 27 551 AND
2 1 4 27 552 AND
2 1 528 548 553 XOR
2 1 528 548 554 AND
2 1 533 554 555 XOR
2 1 549 554 556 XOR
2 1 533 556 557 XOR
2 1 555 556 558 AND
2 1 554 558 559 XOR
2 1 538 559 560 XOR
2 1 550 559 561 XOR
2 1 538 561 562 XOR
2 1 560 561 563 AND
2 1 559 563 564 XOR
2 1 543 564 565 XOR
2 1 551 564 566 XOR
2 1 543 566 567 XOR
2 1 565 566 568 AND
2 1 564 568 569 XOR
2 1 569 552 570 XOR
2 1 570 547 571 XOR
2 1 0 28 572 AND
2 1 1 28 573 AND
2 1 2 28 574 AND
2 1 3 28 575 AND
2 1 557 572 576 XOR
2 1 557 572 577 AND
2 1 562 577 578 XOR
2 1 573 577 579 XOR
2 1 562 579 580 XOR
2 1 578 579 581 AND
2 1 577 581 582 XOR
2 1 567 582 583 XOR
2 1 574 582 584 XOR
2 1 567 584 585 XOR
2 1 583 584 586 AND
2 1 582 586 587 XOR
2 1 587 575 588 XOR
2 1 588 571 589 XOR
2 1 0 29 590 AND
2 1 1 29 591 AND
2 1 2 29 592 AND
2 1 580 590 593 XOR
2 1 580 590 594 AND
2 1 585 594 595 XOR
2 1 591 594 596 XOR
2 1 585 596 597 XOR
2 1 595 596 598 AND
2 1 594 598 599 XOR
2 1 599 592 600 XOR
2 1 600 589 601 XOR
2 1 0 30 602 AND
2 1 1 30 603 AND
2 1 597 602 604 XOR
2 1 597 602 605 AND
2 1 605 603 606 XOR
2 1 606 601 607 XOR
2 1 0 31 608 AND
2 1 608 607 609 XOR
2 1 474 338 610 XOR
2 1 474 338 611 AND
2 1 489 611 612 XOR
2 1 353 611 613 XOR
2 1 489 613 614 XOR
2 1 612 613 615 AND
2 1 611 615 616 XOR
2 1 524 616 617 XOR
2 1 388 616 618 XOR
2 1 524 618 619 XOR
2 1 617 618 620 AND
2 1 616 620 621 XOR
2 1 553 621 622 XOR
2 1 417 621 623 XOR
2 1 553 623 624 XOR
2 1 622 623 625 AND
2 1 621 625 626 XOR
2 1 576 626 627 XOR
2 1 440 626 628 XOR
2 1 576 628 629 XOR
2 1 627 628 630 AND
2 1 626 630 631 XOR
2 1 593 631 632 XOR
2 1 457 631 633 XOR
2 1 593 633 634 XOR
2 1 632 633 635 AND
2 1 631 635 636 XOR
2 1 604 636 637 XOR
2 1 468 636 638 XOR
2 1 604 638 639 XOR
2 1 637 638 640 AND
2 1 636 640 641 XOR
2 1 641 473 642 XOR
2 1 642 609 643 XOR
2 1 0 0 644 XOR
2 1 644 304 645 XOR
2 1 644 308 646 XOR
2 1 644 313 647 XOR
2 1 644 318 648 XOR
2 1 644 323 649 XOR
2 1 644 328 650 XOR
2 1 644 333 651 XOR
2 1 644 337 652 XOR
2 1 644 610 653 XOR
2 1 644 614 654 XOR
2 1 644 619 655 XOR
2 1 644 624 656 XOR
2 1 644 629 657 XOR
2 1 644 634 658 XOR
2 1 644 639 659 XOR
2 1 644 643 660 XOR
