769 1537
384 384 384
                                                                                                                                                                                   
2 1 0 384 768 XOR
2 1 1 385 769 XOR
2 1 2 386 770 XOR
2 1 3 387 771 XOR
2 1 4 388 772 XOR
2 1 5 389 773 XOR
2 1 6 390 774 XOR
2 1 7 391 775 XOR
2 1 8 392 776 XOR
2 1 9 393 777 XOR
2 1 10 394 778 XOR
2 1 11 395 779 XOR
2 1 12 396 780 XOR
2 1 13 397 781 XOR
2 1 14 398 782 XOR
2 1 15 399 783 XOR
2 1 16 400 784 XOR
2 1 17 401 785 XOR
2 1 18 402 786 XOR
2 1 19 403 787 XOR
2 1 20 404 788 XOR
2 1 21 405 789 XOR
2 1 22 406 790 XOR
2 1 23 407 791 XOR
2 1 24 408 792 XOR
2 1 25 409 793 XOR
2 1 26 410 794 XOR
2 1 27 411 795 XOR
2 1 28 412 796 XOR
2 1 29 413 797 XOR
2 1 30 414 798 XOR
2 1 31 415 799 XOR
2 1 32 416 800 XOR
2 1 33 417 801 XOR
2 1 34 418 802 XOR
2 1 35 419 803 XOR
2 1 36 420 804 XOR
2 1 37 421 805 XOR
2 1 38 422 806 XOR
2 1 39 423 807 XOR
2 1 40 424 808 XOR
2 1 41 425 809 XOR
2 1 42 426 810 XOR
2 1 43 427 811 XOR
2 1 44 428 812 XOR
2 1 45 429 813 XOR
2 1 46 430 814 XOR
2 1 47 431 815 XOR
2 1 48 432 816 XOR
2 1 49 433 817 XOR
2 1 50 434 818 XOR
2 1 51 435 819 XOR
2 1 52 436 820 XOR
2 1 53 437 821 XOR
2 1 54 438 822 XOR
2 1 55 439 823 XOR
2 1 56 440 824 XOR
2 1 57 441 825 XOR
2 1 58 442 826 XOR
2 1 59 443 827 XOR
2 1 60 444 828 XOR
2 1 61 445 829 XOR
2 1 62 446 830 XOR
2 1 63 447 831 XOR
2 1 64 448 832 XOR
2 1 65 449 833 XOR
2 1 66 450 834 XOR
2 1 67 451 835 XOR
2 1 68 452 836 XOR
2 1 69 453 837 XOR
2 1 70 454 838 XOR
2 1 71 455 839 XOR
2 1 72 456 840 XOR
2 1 73 457 841 XOR
2 1 74 458 842 XOR
2 1 75 459 843 XOR
2 1 76 460 844 XOR
2 1 77 461 845 XOR
2 1 78 462 846 XOR
2 1 79 463 847 XOR
2 1 80 464 848 XOR
2 1 81 465 849 XOR
2 1 82 466 850 XOR
2 1 83 467 851 XOR
2 1 84 468 852 XOR
2 1 85 469 853 XOR
2 1 86 470 854 XOR
2 1 87 471 855 XOR
2 1 88 472 856 XOR
2 1 89 473 857 XOR
2 1 90 474 858 XOR
2 1 91 475 859 XOR
2 1 92 476 860 XOR
2 1 93 477 861 XOR
2 1 94 478 862 XOR
2 1 95 479 863 XOR
2 1 96 480 864 XOR
2 1 97 481 865 XOR
2 1 98 482 866 XOR
2 1 99 483 867 XOR
2 1 100 484 868 XOR
2 1 101 485 869 XOR
2 1 102 486 870 XOR
2 1 103 487 871 XOR
2 1 104 488 872 XOR
2 1 105 489 873 XOR
2 1 106 490 874 XOR
2 1 107 491 875 XOR
2 1 108 492 876 XOR
2 1 109 493 877 XOR
2 1 110 494 878 XOR
2 1 111 495 879 XOR
2 1 112 496 880 XOR
2 1 113 497 881 XOR
2 1 114 498 882 XOR
2 1 115 499 883 XOR
2 1 116 500 884 XOR
2 1 117 501 885 XOR
2 1 118 502 886 XOR
2 1 119 503 887 XOR
2 1 120 504 888 XOR
2 1 121 505 889 XOR
2 1 122 506 890 XOR
2 1 123 507 891 XOR
2 1 124 508 892 XOR
2 1 125 509 893 XOR
2 1 126 510 894 XOR
2 1 127 511 895 XOR
2 1 128 512 896 XOR
2 1 129 513 897 XOR
2 1 130 514 898 XOR
2 1 131 515 899 XOR
2 1 132 516 900 XOR
2 1 133 517 901 XOR
2 1 134 518 902 XOR
2 1 135 519 903 XOR
2 1 136 520 904 XOR
2 1 137 521 905 XOR
2 1 138 522 906 XOR
2 1 139 523 907 XOR
2 1 140 524 908 XOR
2 1 141 525 909 XOR
2 1 142 526 910 XOR
2 1 143 527 911 XOR
2 1 144 528 912 XOR
2 1 145 529 913 XOR
2 1 146 530 914 XOR
2 1 147 531 915 XOR
2 1 148 532 916 XOR
2 1 149 533 917 XOR
2 1 150 534 918 XOR
2 1 151 535 919 XOR
2 1 152 536 920 XOR
2 1 153 537 921 XOR
2 1 154 538 922 XOR
2 1 155 539 923 XOR
2 1 156 540 924 XOR
2 1 157 541 925 XOR
2 1 158 542 926 XOR
2 1 159 543 927 XOR
2 1 160 544 928 XOR
2 1 161 545 929 XOR
2 1 162 546 930 XOR
2 1 163 547 931 XOR
2 1 164 548 932 XOR
2 1 165 549 933 XOR
2 1 166 550 934 XOR
2 1 167 551 935 XOR
2 1 168 552 936 XOR
2 1 169 553 937 XOR
2 1 170 554 938 XOR
2 1 171 555 939 XOR
2 1 172 556 940 XOR
2 1 173 557 941 XOR
2 1 174 558 942 XOR
2 1 175 559 943 XOR
2 1 176 560 944 XOR
2 1 177 561 945 XOR
2 1 178 562 946 XOR
2 1 179 563 947 XOR
2 1 180 564 948 XOR
2 1 181 565 949 XOR
2 1 182 566 950 XOR
2 1 183 567 951 XOR
2 1 184 568 952 XOR
2 1 185 569 953 XOR
2 1 186 570 954 XOR
2 1 187 571 955 XOR
2 1 188 572 956 XOR
2 1 189 573 957 XOR
2 1 190 574 958 XOR
2 1 191 575 959 XOR
2 1 192 576 960 XOR
2 1 193 577 961 XOR
2 1 194 578 962 XOR
2 1 195 579 963 XOR
2 1 196 580 964 XOR
2 1 197 581 965 XOR
2 1 198 582 966 XOR
2 1 199 583 967 XOR
2 1 200 584 968 XOR
2 1 201 585 969 XOR
2 1 202 586 970 XOR
2 1 203 587 971 XOR
2 1 204 588 972 XOR
2 1 205 589 973 XOR
2 1 206 590 974 XOR
2 1 207 591 975 XOR
2 1 208 592 976 XOR
2 1 209 593 977 XOR
2 1 210 594 978 XOR
2 1 211 595 979 XOR
2 1 212 596 980 XOR
2 1 213 597 981 XOR
2 1 214 598 982 XOR
2 1 215 599 983 XOR
2 1 216 600 984 XOR
2 1 217 601 985 XOR
2 1 218 602 986 XOR
2 1 219 603 987 XOR
2 1 220 604 988 XOR
2 1 221 605 989 XOR
2 1 222 606 990 XOR
2 1 223 607 991 XOR
2 1 224 608 992 XOR
2 1 225 609 993 XOR
2 1 226 610 994 XOR
2 1 227 611 995 XOR
2 1 228 612 996 XOR
2 1 229 613 997 XOR
2 1 230 614 998 XOR
2 1 231 615 999 XOR
2 1 232 616 1000 XOR
2 1 233 617 1001 XOR
2 1 234 618 1002 XOR
2 1 235 619 1003 XOR
2 1 236 620 1004 XOR
2 1 237 621 1005 XOR
2 1 238 622 1006 XOR
2 1 239 623 1007 XOR
2 1 240 624 1008 XOR
2 1 241 625 1009 XOR
2 1 242 626 1010 XOR
2 1 243 627 1011 XOR
2 1 244 628 1012 XOR
2 1 245 629 1013 XOR
2 1 246 630 1014 XOR
2 1 247 631 1015 XOR
2 1 248 632 1016 XOR
2 1 249 633 1017 XOR
2 1 250 634 1018 XOR
2 1 251 635 1019 XOR
2 1 252 636 1020 XOR
2 1 253 637 1021 XOR
2 1 254 638 1022 XOR
2 1 255 639 1023 XOR
2 1 256 640 1024 XOR
2 1 257 641 1025 XOR
2 1 258 642 1026 XOR
2 1 259 643 1027 XOR
2 1 260 644 1028 XOR
2 1 261 645 1029 XOR
2 1 262 646 1030 XOR
2 1 263 647 1031 XOR
2 1 264 648 1032 XOR
2 1 265 649 1033 XOR
2 1 266 650 1034 XOR
2 1 267 651 1035 XOR
2 1 268 652 1036 XOR
2 1 269 653 1037 XOR
2 1 270 654 1038 XOR
2 1 271 655 1039 XOR
2 1 272 656 1040 XOR
2 1 273 657 1041 XOR
2 1 274 658 1042 XOR
2 1 275 659 1043 XOR
2 1 276 660 1044 XOR
2 1 277 661 1045 XOR
2 1 278 662 1046 XOR
2 1 279 663 1047 XOR
2 1 280 664 1048 XOR
2 1 281 665 1049 XOR
2 1 282 666 1050 XOR
2 1 283 667 1051 XOR
2 1 284 668 1052 XOR
2 1 285 669 1053 XOR
2 1 286 670 1054 XOR
2 1 287 671 1055 XOR
2 1 288 672 1056 XOR
2 1 289 673 1057 XOR
2 1 290 674 1058 XOR
2 1 291 675 1059 XOR
2 1 292 676 1060 XOR
2 1 293 677 1061 XOR
2 1 294 678 1062 XOR
2 1 295 679 1063 XOR
2 1 296 680 1064 XOR
2 1 297 681 1065 XOR
2 1 298 682 1066 XOR
2 1 299 683 1067 XOR
2 1 300 684 1068 XOR
2 1 301 685 1069 XOR
2 1 302 686 1070 XOR
2 1 303 687 1071 XOR
2 1 304 688 1072 XOR
2 1 305 689 1073 XOR
2 1 306 690 1074 XOR
2 1 307 691 1075 XOR
2 1 308 692 1076 XOR
2 1 309 693 1077 XOR
2 1 310 694 1078 XOR
2 1 311 695 1079 XOR
2 1 312 696 1080 XOR
2 1 313 697 1081 XOR
2 1 314 698 1082 XOR
2 1 315 699 1083 XOR
2 1 316 700 1084 XOR
2 1 317 701 1085 XOR
2 1 318 702 1086 XOR
2 1 319 703 1087 XOR
2 1 320 704 1088 XOR
2 1 321 705 1089 XOR
2 1 322 706 1090 XOR
2 1 323 707 1091 XOR
2 1 324 708 1092 XOR
2 1 325 709 1093 XOR
2 1 326 710 1094 XOR
2 1 327 711 1095 XOR
2 1 328 712 1096 XOR
2 1 329 713 1097 XOR
2 1 330 714 1098 XOR
2 1 331 715 1099 XOR
2 1 332 716 1100 XOR
2 1 333 717 1101 XOR
2 1 334 718 1102 XOR
2 1 335 719 1103 XOR
2 1 336 720 1104 XOR
2 1 337 721 1105 XOR
2 1 338 722 1106 XOR
2 1 339 723 1107 XOR
2 1 340 724 1108 XOR
2 1 341 725 1109 XOR
2 1 342 726 1110 XOR
2 1 343 727 1111 XOR
2 1 344 728 1112 XOR
2 1 345 729 1113 XOR
2 1 346 730 1114 XOR
2 1 347 731 1115 XOR
2 1 348 732 1116 XOR
2 1 349 733 1117 XOR
2 1 350 734 1118 XOR
2 1 351 735 1119 XOR
2 1 352 736 1120 XOR
2 1 353 737 1121 XOR
2 1 354 738 1122 XOR
2 1 355 739 1123 XOR
2 1 356 740 1124 XOR
2 1 357 741 1125 XOR
2 1 358 742 1126 XOR
2 1 359 743 1127 XOR
2 1 360 744 1128 XOR
2 1 361 745 1129 XOR
2 1 362 746 1130 XOR
2 1 363 747 1131 XOR
2 1 364 748 1132 XOR
2 1 365 749 1133 XOR
2 1 366 750 1134 XOR
2 1 367 751 1135 XOR
2 1 368 752 1136 XOR
2 1 369 753 1137 XOR
2 1 370 754 1138 XOR
2 1 371 755 1139 XOR
2 1 372 756 1140 XOR
2 1 373 757 1141 XOR
2 1 374 758 1142 XOR
2 1 375 759 1143 XOR
2 1 376 760 1144 XOR
2 1 377 761 1145 XOR
2 1 378 762 1146 XOR
2 1 379 763 1147 XOR
2 1 380 764 1148 XOR
2 1 381 765 1149 XOR
2 1 382 766 1150 XOR
2 1 383 767 1151 XOR
2 1 0 0 1152 XOR
2 1 1152 768 1153 XOR
2 1 1152 769 1154 XOR
2 1 1152 770 1155 XOR
2 1 1152 771 1156 XOR
2 1 1152 772 1157 XOR
2 1 1152 773 1158 XOR
2 1 1152 774 1159 XOR
2 1 1152 775 1160 XOR
2 1 1152 776 1161 XOR
2 1 1152 777 1162 XOR
2 1 1152 778 1163 XOR
2 1 1152 779 1164 XOR
2 1 1152 780 1165 XOR
2 1 1152 781 1166 XOR
2 1 1152 782 1167 XOR
2 1 1152 783 1168 XOR
2 1 1152 784 1169 XOR
2 1 1152 785 1170 XOR
2 1 1152 786 1171 XOR
2 1 1152 787 1172 XOR
2 1 1152 788 1173 XOR
2 1 1152 789 1174 XOR
2 1 1152 790 1175 XOR
2 1 1152 791 1176 XOR
2 1 1152 792 1177 XOR
2 1 1152 793 1178 XOR
2 1 1152 794 1179 XOR
2 1 1152 795 1180 XOR
2 1 1152 796 1181 XOR
2 1 1152 797 1182 XOR
2 1 1152 798 1183 XOR
2 1 1152 799 1184 XOR
2 1 1152 800 1185 XOR
2 1 1152 801 1186 XOR
2 1 1152 802 1187 XOR
2 1 1152 803 1188 XOR
2 1 1152 804 1189 XOR
2 1 1152 805 1190 XOR
2 1 1152 806 1191 XOR
2 1 1152 807 1192 XOR
2 1 1152 808 1193 XOR
2 1 1152 809 1194 XOR
2 1 1152 810 1195 XOR
2 1 1152 811 1196 XOR
2 1 1152 812 1197 XOR
2 1 1152 813 1198 XOR
2 1 1152 814 1199 XOR
2 1 1152 815 1200 XOR
2 1 1152 816 1201 XOR
2 1 1152 817 1202 XOR
2 1 1152 818 1203 XOR
2 1 1152 819 1204 XOR
2 1 1152 820 1205 XOR
2 1 1152 821 1206 XOR
2 1 1152 822 1207 XOR
2 1 1152 823 1208 XOR
2 1 1152 824 1209 XOR
2 1 1152 825 1210 XOR
2 1 1152 826 1211 XOR
2 1 1152 827 1212 XOR
2 1 1152 828 1213 XOR
2 1 1152 829 1214 XOR
2 1 1152 830 1215 XOR
2 1 1152 831 1216 XOR
2 1 1152 832 1217 XOR
2 1 1152 833 1218 XOR
2 1 1152 834 1219 XOR
2 1 1152 835 1220 XOR
2 1 1152 836 1221 XOR
2 1 1152 837 1222 XOR
2 1 1152 838 1223 XOR
2 1 1152 839 1224 XOR
2 1 1152 840 1225 XOR
2 1 1152 841 1226 XOR
2 1 1152 842 1227 XOR
2 1 1152 843 1228 XOR
2 1 1152 844 1229 XOR
2 1 1152 845 1230 XOR
2 1 1152 846 1231 XOR
2 1 1152 847 1232 XOR
2 1 1152 848 1233 XOR
2 1 1152 849 1234 XOR
2 1 1152 850 1235 XOR
2 1 1152 851 1236 XOR
2 1 1152 852 1237 XOR
2 1 1152 853 1238 XOR
2 1 1152 854 1239 XOR
2 1 1152 855 1240 XOR
2 1 1152 856 1241 XOR
2 1 1152 857 1242 XOR
2 1 1152 858 1243 XOR
2 1 1152 859 1244 XOR
2 1 1152 860 1245 XOR
2 1 1152 861 1246 XOR
2 1 1152 862 1247 XOR
2 1 1152 863 1248 XOR
2 1 1152 864 1249 XOR
2 1 1152 865 1250 XOR
2 1 1152 866 1251 XOR
2 1 1152 867 1252 XOR
2 1 1152 868 1253 XOR
2 1 1152 869 1254 XOR
2 1 1152 870 1255 XOR
2 1 1152 871 1256 XOR
2 1 1152 872 1257 XOR
2 1 1152 873 1258 XOR
2 1 1152 874 1259 XOR
2 1 1152 875 1260 XOR
2 1 1152 876 1261 XOR
2 1 1152 877 1262 XOR
2 1 1152 878 1263 XOR
2 1 1152 879 1264 XOR
2 1 1152 880 1265 XOR
2 1 1152 881 1266 XOR
2 1 1152 882 1267 XOR
2 1 1152 883 1268 XOR
2 1 1152 884 1269 XOR
2 1 1152 885 1270 XOR
2 1 1152 886 1271 XOR
2 1 1152 887 1272 XOR
2 1 1152 888 1273 XOR
2 1 1152 889 1274 XOR
2 1 1152 890 1275 XOR
2 1 1152 891 1276 XOR
2 1 1152 892 1277 XOR
2 1 1152 893 1278 XOR
2 1 1152 894 1279 XOR
2 1 1152 895 1280 XOR
2 1 1152 896 1281 XOR
2 1 1152 897 1282 XOR
2 1 1152 898 1283 XOR
2 1 1152 899 1284 XOR
2 1 1152 900 1285 XOR
2 1 1152 901 1286 XOR
2 1 1152 902 1287 XOR
2 1 1152 903 1288 XOR
2 1 1152 904 1289 XOR
2 1 1152 905 1290 XOR
2 1 1152 906 1291 XOR
2 1 1152 907 1292 XOR
2 1 1152 908 1293 XOR
2 1 1152 909 1294 XOR
2 1 1152 910 1295 XOR
2 1 1152 911 1296 XOR
2 1 1152 912 1297 XOR
2 1 1152 913 1298 XOR
2 1 1152 914 1299 XOR
2 1 1152 915 1300 XOR
2 1 1152 916 1301 XOR
2 1 1152 917 1302 XOR
2 1 1152 918 1303 XOR
2 1 1152 919 1304 XOR
2 1 1152 920 1305 XOR
2 1 1152 921 1306 XOR
2 1 1152 922 1307 XOR
2 1 1152 923 1308 XOR
2 1 1152 924 1309 XOR
2 1 1152 925 1310 XOR
2 1 1152 926 1311 XOR
2 1 1152 927 1312 XOR
2 1 1152 928 1313 XOR
2 1 1152 929 1314 XOR
2 1 1152 930 1315 XOR
2 1 1152 931 1316 XOR
2 1 1152 932 1317 XOR
2 1 1152 933 1318 XOR
2 1 1152 934 1319 XOR
2 1 1152 935 1320 XOR
2 1 1152 936 1321 XOR
2 1 1152 937 1322 XOR
2 1 1152 938 1323 XOR
2 1 1152 939 1324 XOR
2 1 1152 940 1325 XOR
2 1 1152 941 1326 XOR
2 1 1152 942 1327 XOR
2 1 1152 943 1328 XOR
2 1 1152 944 1329 XOR
2 1 1152 945 1330 XOR
2 1 1152 946 1331 XOR
2 1 1152 947 1332 XOR
2 1 1152 948 1333 XOR
2 1 1152 949 1334 XOR
2 1 1152 950 1335 XOR
2 1 1152 951 1336 XOR
2 1 1152 952 1337 XOR
2 1 1152 953 1338 XOR
2 1 1152 954 1339 XOR
2 1 1152 955 1340 XOR
2 1 1152 956 1341 XOR
2 1 1152 957 1342 XOR
2 1 1152 958 1343 XOR
2 1 1152 959 1344 XOR
2 1 1152 960 1345 XOR
2 1 1152 961 1346 XOR
2 1 1152 962 1347 XOR
2 1 1152 963 1348 XOR
2 1 1152 964 1349 XOR
2 1 1152 965 1350 XOR
2 1 1152 966 1351 XOR
2 1 1152 967 1352 XOR
2 1 1152 968 1353 XOR
2 1 1152 969 1354 XOR
2 1 1152 970 1355 XOR
2 1 1152 971 1356 XOR
2 1 1152 972 1357 XOR
2 1 1152 973 1358 XOR
2 1 1152 974 1359 XOR
2 1 1152 975 1360 XOR
2 1 1152 976 1361 XOR
2 1 1152 977 1362 XOR
2 1 1152 978 1363 XOR
2 1 1152 979 1364 XOR
2 1 1152 980 1365 XOR
2 1 1152 981 1366 XOR
2 1 1152 982 1367 XOR
2 1 1152 983 1368 XOR
2 1 1152 984 1369 XOR
2 1 1152 985 1370 XOR
2 1 1152 986 1371 XOR
2 1 1152 987 1372 XOR
2 1 1152 988 1373 XOR
2 1 1152 989 1374 XOR
2 1 1152 990 1375 XOR
2 1 1152 991 1376 XOR
2 1 1152 992 1377 XOR
2 1 1152 993 1378 XOR
2 1 1152 994 1379 XOR
2 1 1152 995 1380 XOR
2 1 1152 996 1381 XOR
2 1 1152 997 1382 XOR
2 1 1152 998 1383 XOR
2 1 1152 999 1384 XOR
2 1 1152 1000 1385 XOR
2 1 1152 1001 1386 XOR
2 1 1152 1002 1387 XOR
2 1 1152 1003 1388 XOR
2 1 1152 1004 1389 XOR
2 1 1152 1005 1390 XOR
2 1 1152 1006 1391 XOR
2 1 1152 1007 1392 XOR
2 1 1152 1008 1393 XOR
2 1 1152 1009 1394 XOR
2 1 1152 1010 1395 XOR
2 1 1152 1011 1396 XOR
2 1 1152 1012 1397 XOR
2 1 1152 1013 1398 XOR
2 1 1152 1014 1399 XOR
2 1 1152 1015 1400 XOR
2 1 1152 1016 1401 XOR
2 1 1152 1017 1402 XOR
2 1 1152 1018 1403 XOR
2 1 1152 1019 1404 XOR
2 1 1152 1020 1405 XOR
2 1 1152 1021 1406 XOR
2 1 1152 1022 1407 XOR
2 1 1152 1023 1408 XOR
2 1 1152 1024 1409 XOR
2 1 1152 1025 1410 XOR
2 1 1152 1026 1411 XOR
2 1 1152 1027 1412 XOR
2 1 1152 1028 1413 XOR
2 1 1152 1029 1414 XOR
2 1 1152 1030 1415 XOR
2 1 1152 1031 1416 XOR
2 1 1152 1032 1417 XOR
2 1 1152 1033 1418 XOR
2 1 1152 1034 1419 XOR
2 1 1152 1035 1420 XOR
2 1 1152 1036 1421 XOR
2 1 1152 1037 1422 XOR
2 1 1152 1038 1423 XOR
2 1 1152 1039 1424 XOR
2 1 1152 1040 1425 XOR
2 1 1152 1041 1426 XOR
2 1 1152 1042 1427 XOR
2 1 1152 1043 1428 XOR
2 1 1152 1044 1429 XOR
2 1 1152 1045 1430 XOR
2 1 1152 1046 1431 XOR
2 1 1152 1047 1432 XOR
2 1 1152 1048 1433 XOR
2 1 1152 1049 1434 XOR
2 1 1152 1050 1435 XOR
2 1 1152 1051 1436 XOR
2 1 1152 1052 1437 XOR
2 1 1152 1053 1438 XOR
2 1 1152 1054 1439 XOR
2 1 1152 1055 1440 XOR
2 1 1152 1056 1441 XOR
2 1 1152 1057 1442 XOR
2 1 1152 1058 1443 XOR
2 1 1152 1059 1444 XOR
2 1 1152 1060 1445 XOR
2 1 1152 1061 1446 XOR
2 1 1152 1062 1447 XOR
2 1 1152 1063 1448 XOR
2 1 1152 1064 1449 XOR
2 1 1152 1065 1450 XOR
2 1 1152 1066 1451 XOR
2 1 1152 1067 1452 XOR
2 1 1152 1068 1453 XOR
2 1 1152 1069 1454 XOR
2 1 1152 1070 1455 XOR
2 1 1152 1071 1456 XOR
2 1 1152 1072 1457 XOR
2 1 1152 1073 1458 XOR
2 1 1152 1074 1459 XOR
2 1 1152 1075 1460 XOR
2 1 1152 1076 1461 XOR
2 1 1152 1077 1462 XOR
2 1 1152 1078 1463 XOR
2 1 1152 1079 1464 XOR
2 1 1152 1080 1465 XOR
2 1 1152 1081 1466 XOR
2 1 1152 1082 1467 XOR
2 1 1152 1083 1468 XOR
2 1 1152 1084 1469 XOR
2 1 1152 1085 1470 XOR
2 1 1152 1086 1471 XOR
2 1 1152 1087 1472 XOR
2 1 1152 1088 1473 XOR
2 1 1152 1089 1474 XOR
2 1 1152 1090 1475 XOR
2 1 1152 1091 1476 XOR
2 1 1152 1092 1477 XOR
2 1 1152 1093 1478 XOR
2 1 1152 1094 1479 XOR
2 1 1152 1095 1480 XOR
2 1 1152 1096 1481 XOR
2 1 1152 1097 1482 XOR
2 1 1152 1098 1483 XOR
2 1 1152 1099 1484 XOR
2 1 1152 1100 1485 XOR
2 1 1152 1101 1486 XOR
2 1 1152 1102 1487 XOR
2 1 1152 1103 1488 XOR
2 1 1152 1104 1489 XOR
2 1 1152 1105 1490 XOR
2 1 1152 1106 1491 XOR
2 1 1152 1107 1492 XOR
2 1 1152 1108 1493 XOR
2 1 1152 1109 1494 XOR
2 1 1152 1110 1495 XOR
2 1 1152 1111 1496 XOR
2 1 1152 1112 1497 XOR
2 1 1152 1113 1498 XOR
2 1 1152 1114 1499 XOR
2 1 1152 1115 1500 XOR
2 1 1152 1116 1501 XOR
2 1 1152 1117 1502 XOR
2 1 1152 1118 1503 XOR
2 1 1152 1119 1504 XOR
2 1 1152 1120 1505 XOR
2 1 1152 1121 1506 XOR
2 1 1152 1122 1507 XOR
2 1 1152 1123 1508 XOR
2 1 1152 1124 1509 XOR
2 1 1152 1125 1510 XOR
2 1 1152 1126 1511 XOR
2 1 1152 1127 1512 XOR
2 1 1152 1128 1513 XOR
2 1 1152 1129 1514 XOR
2 1 1152 1130 1515 XOR
2 1 1152 1131 1516 XOR
2 1 1152 1132 1517 XOR
2 1 1152 1133 1518 XOR
2 1 1152 1134 1519 XOR
2 1 1152 1135 1520 XOR
2 1 1152 1136 1521 XOR
2 1 1152 1137 1522 XOR
2 1 1152 1138 1523 XOR
2 1 1152 1139 1524 XOR
2 1 1152 1140 1525 XOR
2 1 1152 1141 1526 XOR
2 1 1152 1142 1527 XOR
2 1 1152 1143 1528 XOR
2 1 1152 1144 1529 XOR
2 1 1152 1145 1530 XOR
2 1 1152 1146 1531 XOR
2 1 1152 1147 1532 XOR
2 1 1152 1148 1533 XOR
2 1 1152 1149 1534 XOR
2 1 1152 1150 1535 XOR
2 1 1152 1151 1536 XOR
