65 129
32 32 32
                                                                                                                                                                                        
2 1 0 32 64 XOR
2 1 1 33 65 XOR
2 1 2 34 66 XOR
2 1 3 35 67 XOR
2 1 4 36 68 XOR
2 1 5 37 69 XOR
2 1 6 38 70 XOR
2 1 7 39 71 XOR
2 1 8 40 72 XOR
2 1 9 41 73 XOR
2 1 10 42 74 XOR
2 1 11 43 75 XOR
2 1 12 44 76 XOR
2 1 13 45 77 XOR
2 1 14 46 78 XOR
2 1 15 47 79 XOR
2 1 16 48 80 XOR
2 1 17 49 81 XOR
2 1 18 50 82 XOR
2 1 19 51 83 XOR
2 1 20 52 84 XOR
2 1 21 53 85 XOR
2 1 22 54 86 XOR
2 1 23 55 87 XOR
2 1 24 56 88 XOR
2 1 25 57 89 XOR
2 1 26 58 90 XOR
2 1 27 59 91 XOR
2 1 28 60 92 XOR
2 1 29 61 93 XOR
2 1 30 62 94 XOR
2 1 31 63 95 XOR
2 1 0 0 96 XOR
2 1 96 64 97 XOR
2 1 96 65 98 XOR
2 1 96 66 99 XOR
2 1 96 67 100 XOR
2 1 96 68 101 XOR
2 1 96 69 102 XOR
2 1 96 70 103 XOR
2 1 96 71 104 XOR
2 1 96 72 105 XOR
2 1 96 73 106 XOR
2 1 96 74 107 XOR
2 1 96 75 108 XOR
2 1 96 76 109 XOR
2 1 96 77 110 XOR
2 1 96 78 111 XOR
2 1 96 79 112 XOR
2 1 96 80 113 XOR
2 1 96 81 114 XOR
2 1 96 82 115 XOR
2 1 96 83 116 XOR
2 1 96 84 117 XOR
2 1 96 85 118 XOR
2 1 96 86 119 XOR
2 1 96 87 120 XOR
2 1 96 88 121 XOR
2 1 96 89 122 XOR
2 1 96 90 123 XOR
2 1 96 91 124 XOR
2 1 96 92 125 XOR
2 1 96 93 126 XOR
2 1 96 94 127 XOR
2 1 96 95 128 XOR
